SR_44100:5.62341325190314,-1.50036642213713E-13,-5.62341325190299,1.50036642213713E-13,0.99999999999985
SR_48000:5.62341325190311,-1.63811054587665E-13,-5.62341325190295,1.63811054587665E-13,0.999999999999836
