SR_44100:1.00980026974536,-1.99555803107033,0.985960321310899,1.99555803107033,-0.995760591056261
SR_48000:1.00900554693494,-1.99593336181503,0.987098825984252,1.99593336181503,-0.996104372919192
