SR_44100:1.01175534705887,-1.99462330146093,0.983159515005846,1.99462330146093,-0.994914862064717
SR_48000:1.01080245347046,-1.99508090702771,0.984524612105604,1.99508090702771,-0.995327065576061
