SR_44100:1.01419687019656,-1.99343323734335,0.979661835732134,1.99343323734335,-0.993858705928693
SR_48000:1.01304662376615,-1.99399705018485,0.981309656732556,1.99399705018485,-0.994356280498707
