SR_44100:1.01663581662643,-1.99221915208441,0.976167847800679,1.99221915208441,-0.992803664427107
SR_48000:1.01528861694462,-1.99289290137163,0.978097820255936,1.99289290137163,-0.993386437200557
