SR_44100:1.0001816655466360,-1.9976925993224695,0.9975678902740710,1.9976925993224695,-0.9977495558207069,1.0046480425209967,-1.9786860547027596,0.9743562554136838,1.9787681340291867,-0.9789222186082536,0.9779194225419244,-1.8684654469590447,0.8919293774389856,1.8684654469590447,-0.8698487999809102,1.0373870201493673,-1.8475168606120087,0.8306784423746540,1.8475168606120087,-0.8680654625240213,0.9972290116858878,-1.8052524969573809,0.9197397714057645,1.8052524969573809,-0.9169687830916522,1.0027499799161228,-1.8028512974478021,0.9317172896553980,1.8028512974478021,-0.9344672695715209,1.0107926218742056,-1.8064776275388141,0.9368842767989806,1.8064776275388141,-0.9476768986731863,0.9731568621219512,-1.2929130244174452,0.8377114506540038,1.2929130244174452,-0.8108683127759551,1.0186843539564652,-0.6618527210627669,0.7676550952951249,0.6618527210627669,-0.7863394492515901,1.3811715838142558,-0.4381418318974025,0.1409119621758584,-0.0033588734852567,-0.0805828406074550,0.4897788193684462,0.0000000000000000,0.0000000000000000,0.0000000000000000,0.0000000000000000
SR_48000:1.0001669204794521,-1.9978841338900326,0.9977652949111703,1.9978841338900326,-0.9979322153906225,1.0042709959703777,-1.9804186140965814,0.9764164780162853,1.9804879567768574,-0.9806181313063864,0.9796059498243743,-1.8786159029204075,0.9001838741217174,1.8786159029204075,-0.8797898239460917,1.0345324746702695,-1.8606951939466752,0.8436063538504082,1.8606951939466752,-0.8781388285206775,0.9974455765952751,-1.8286938628461671,0.9260124608445481,1.8286938628461671,-0.9234580374398234,1.0025332605888913,-1.8280381010523274,0.9370984864273005,1.8280381010523274,-0.9396317470161917,1.0099367532123760,-1.8321572565252835,0.9418894340430766,1.8321572565252835,-0.9518261872554525,0.9751488217536557,-1.3808182196341057,0.8497544629297572,1.3808182196341057,-0.8249032846834128,1.0173126413362006,-0.8262885046027909,0.7847127061057757,0.8262885046027909,-0.8020253474419764,1.4074289073999284,-0.6194458883125454,0.1715995430427357,0.1242844735714913,-0.0838670357016100,0.4897788193684462,0.0000000000000000,0.0000000000000000,0.0000000000000000,0.0000000000000000
