SR_44100:1.015223619267370,-1.960082743701168,0.945655162643080,1.960082743701168,-0.960878781910450
SR_48000:1.014009254895187,-1.963326406929954,0.949990165584185,1.963326406929954,-0.963999420479372
