SR_44100:1.01955915855682,-1.99073059764898,0.971979924154949,1.99073059764898,-0.991539082711773
SR_48000:1.01797614076386,-1.9915411805205,0.974247725118578,1.9915411805205,-0.992223865882437
