SR_44100:1.02247880680896,-1.98920757870636,0.967797292001933,1.98920757870636,-0.990276098810893
SR_48000:1.02066054256672,-1.99016033656938,0.970402102522068,1.99016033656938,-0.991062645088791
