SR_44100:1.02539477049751,-1.98765016463973,0.963619938284129,1.98765016463973,-0.989014708781634
SR_48000:1.02334182943418,-1.98875042310424,0.966560942322355,1.98875042310424,-0.989902771756531
