SR_44100:1.02927700624174,-1.9855202298642,0.958058321730644,1.9855202298642,-0.987335327972386
SR_48000:1.02691204533792,-1.9868254125131,0.961446319414855,1.9868254125131,-0.988358364752776
