SR_44100:1.03412064492197,-1.9827722528738,0.951119417749077,1.9827722528738,-0.985240062671048
SR_48000:1.03136707094235,-1.98434680672937,0.955064135080844,1.98434680672937,-0.986431206023196
