SR_44100:1.03895414921843,-1.97992951857361,0.944195032091549,1.97992951857361,-0.98314918130998
SR_48000:1.03581352208133,-1.98178805753362,0.948694234361783,1.98178805753362,-0.984507756443108
