SR_44100:0.986929,-1.957821,0.971070,1.957821,-0.957999,1.000909,-1.994709,0.993851,1.994709,-0.994759,0.983355,-1.880096,0.900380,1.880096,-0.883735,1.015454,-1.897633,0.901772,1.897633,-0.917226,0.962728,-1.759405,0.845878,1.759405,-0.808606,1.173476,-1.311370,0.540519,1.311370,-0.713995,1.039591,-0.398468,0.356421,0.398468,-0.396011,1.520449,0.377313,-0.764742,-0.377313,0.244293
SR_48000:0.987970,-1.961195,0.973375,1.961195,-0.961345,1.000835,-1.995141,0.994349,1.995141,-0.995184,0.984635,-1.889590,0.908042,1.889590,-0.892677,1.014246,-1.907098,0.909450,1.907098,-0.923697,0.965490,-1.780902,0.857298,1.780902,-0.822788,1.161170,-1.388194,0.573114,1.388194,-0.734284,1.037203,-0.549317,0.395230,0.549317,-0.432434,1.480534,0.293987,-0.629397,-0.293987,0.148863
