SR_44100:0.918203,-1.613645,0.786135,1.613645,-0.704338
SR_48000:0.923943,-1.647491,0.801143,1.647491,-0.725086
