SR_44100:0.998596,-1.990221,0.991788,1.990221,-0.990384,1.400125,-1.181283,-0.204184,1.181283,-0.195941,0.579594,-0.069238,-0.500754,0.069238,0.921161,1.526164,-0.108954,-1.325344,0.108954,0.799180,0.578515,-0.021030,-0.504604,0.021030,0.926089,1.584892,0.000001,-1.584889,-0.000001,0.999996,3.162278,0.000000,-3.162278,-0.000000,1.000000
SR_48000:0.998709,-1.991024,0.992453,1.991024,-0.991162,1.379797,-1.223990,-0.143008,1.223990,-0.236789,0.581449,-0.078312,-0.494132,0.078312,0.912683,1.517930,-0.139391,-1.288956,0.139391,0.771026,0.582128,-0.034603,-0.491707,0.034603,0.909579,1.584888,0.000004,-1.584868,-0.000004,0.999981,3.162278,0.000000,-3.162278,-0.000000,1.000000
