SR_44100:1.003750,-1.992413,0.988713,1.992413,-0.992464,0.988493,-1.939603,0.951483,1.939603,-0.939977,1.020741,-1.848901,0.865479,1.848901,-0.886220,0.951027,-1.691030,0.831536,1.691030,-0.782563,1.067623,-1.240851,0.576826,1.240851,-0.644449
SR_48000:1.003447,-1.993031,0.989627,1.993031,-0.993074,0.989402,-1.944403,0.955317,1.944403,-0.944719,1.019144,-1.863319,0.875840,1.863319,-0.894983,0.954608,-1.720405,0.843855,1.720405,-0.798462,1.063006,-1.320692,0.605721,1.320692,-0.668727
