SR_44100:1.00811104779414,-1.98914107728937,0.981159247083715,1.98914107728937,-0.989270294877852,0.995211808595829,-1.9667729251129,0.971998447937715,1.9667729251129,-0.967210256533544,0.986293779086344,-1.62018504680219,0.76163561582627,1.62018504680219,-0.747929394912614,0.804641422638457,-0.393233653038187,0.136626886379237,0.393233653038187,0.0587316909823052
SR_48000:1.00745527098463,-1.99002866916112,0.982682518694218,1.99002866916112,-0.990137789678843,0.995594987635952,-1.96946463662791,0.974239295668203,1.96946463662791,-0.969834283304155,0.987278934384795,-1.65689032241091,0.778768415414874,1.65689032241091,-0.766047349799669,0.813234896973722,-0.493920011053426,0.174605125133131,0.493920011053426,0.0121599778931474
