SR_44100:0.999508,-1.995208,0.995708,1.995208,-0.995216,1.009840,-1.980098,0.970387,1.980098,-0.980227,1.006467,-1.926491,0.924923,1.926491,-0.931390,0.986741,-1.889859,0.922463,1.889859,-0.909204,1.017358,-1.817648,0.848563,1.817648,-0.865921,1.007260,-1.743532,0.873742,1.743532,-0.881002,0.924113,-1.324909,0.729101,1.324909,-0.653215,1.075087,-1.106203,0.668158,1.106203,-0.743245,1.087252,-0.536093,0.561091,0.536093,-0.648343,0.909037,0.418489,0.597993,-0.418489,-0.507030,1.073963,1.074569,0.354732,-1.074569,-0.428695,0.841508,1.546081,0.772948,-1.546081,-0.614456
SR_48000:0.999548,-1.995597,0.996056,1.995597,-0.995604,1.009047,-1.981710,0.972772,1.981710,-0.981819,1.005958,-1.932642,0.930831,1.932642,-0.936789,0.987774,-1.899879,0.928500,1.899879,-0.916273,1.016034,-1.835148,0.860112,1.835148,-0.876147,1.006702,-1.773316,0.883441,1.773316,-0.890143,0.929297,-1.394295,0.747607,1.394295,-0.676904,1.069689,-1.212676,0.692013,1.212676,-0.761702,1.081254,-0.700216,0.591265,0.700216,-0.672519,0.914881,0.200841,0.623821,-0.200841,-0.538701,1.068170,0.896971,0.405265,-0.896971,-0.473435,0.853765,1.423981,0.790507,-1.423981,-0.644272
