SR_44100:1.0006780269983597,-1.9977439584130463,0.9970740420308482,1.9977439584130463,-0.997752069029208,1.000346576335536,-1.987718764283375,0.9879553798874989,1.987718764283375,-0.9883019562230351,0.9810092343777306,-1.9170187101326648,0.936951586804464,1.9170187101326648,-0.9179608211821945,1.0124559878885528,-1.9168493015877297,0.9192139845347908,1.9168493015877297,-0.9316699724233434,0.9970838854764565,-1.8526116286207248,0.8986558283435612,1.8526116286207248,-0.8957397138200176,1.2766959536845994,-1.2639572772303727,0.33539714079386845,1.2639572772303727,-0.6120930944784678,0.7978243965962744,-0.3387755871511401,0.5198641789557299,0.3387755871511401,-0.3176885755520041,1.132891956666964,-0.18495380220056903,0.13810034478551703,0.18495380220056903,-0.270992301452481,1.453814930273138,0.20398158984803752,0.019320745487766057,-0.20398158984803752,-0.473135675760904,0.5694998122533765,0.5475170830292956,0.2716223386461712,-0.5475170830292956,0.15887784910045222
SR_48000:1.0006229941879594,-1.9979276780201853,0.9973115306419886,1.9979276780201853,-0.9979345248299479,1.0003185683042872,-1.9887548045248116,0.9889287472582736,1.9887548045248116,-0.9892473155625607,0.9824939949989586,-1.923577007412684,0.9418809194604298,1.923577007412684,-0.9243749144593885,1.0114756362595578,-1.9245004185962638,0.9255722680021419,1.9245004185962638,-0.9370479042616998,0.997309486485851,-1.8672245690854952,0.9064961745430572,1.8672245690854952,-0.9038056610289084,1.258017116056879,-1.3378870527161135,0.3802623031813914,1.3378870527161135,-0.6382794192382704,0.8091861410924158,-0.48595866100558804,0.5468465666934663,0.48595866100558804,-0.3560327077858821,1.1252052783688802,-0.33987062189908557,0.187953966788135,0.33987062189908557,-0.3131592451570151,1.4231849926715163,-9.238098843019101E-17,0.08551104106670529,9.238098843019101E-17,-0.5086960337382215,0.5919750000637685,0.4508119302103358,0.30964886035690353,-0.4508119302103358,0.09837613957932798