SR_44100:1.00179642950755,-1.98428977645012,0.982600677393155,1.98428977645012,-0.984397106900702,1.04210201592582,0.398122254453084,0.0202976350611073,-0.398122254453084,-0.062399650986927,1.07969591619042,0.660843584683983,-0.345710521059426,-0.660843584683983,0.266014604869001,0.954992586021437,-6.18297280299678E-14,-0.954992586021375,6.18297280299678E-14,0.999999999999938
SR_48000:1.0016515155924,-1.98556510169046,0.984004241490264,1.98556510169046,-0.985655757082668,1.03956987933061,0.249912667480849,0.0792197592427599,-0.249912667480849,-0.118789638573366,1.06567239143604,0.750581479040678,-0.108915391441723,-0.750581479040678,0.0432430000056835,0.954992586021437,-6.75061291962973E-14,-0.95499258602137,6.75061291962973E-14,0.999999999999932
