SR_44100:1.0028318308253,-1.99727453328644,0.994450811171481,1.99727453328644,-0.997282641996785,1.00357647777012,-1.99209334445089,0.988569457768478,1.99209334445089,-0.992145935538597,1.0077973533866,-1.98525672630975,0.977707663625349,1.98525672630975,-0.985505017011947,1.01428355870896,-1.97744868115108,0.964093243300529,1.97744868115108,-0.978376802009485,0.99821075371836,-1.97558679857837,0.978320630088495,1.97558679857837,-0.976531383806855,0.707945784384144,-4.21152542165547E-14,-0.707945784384102,4.21152542165547E-14,0.999999999999958,1.01424410583605,-1.72555264433728,0.907616757124758,1.72555264433728,-0.921860862960808,1.64404650617738,-0.182128752789503,-0.285810020821908,0.182128752789503,-0.358236485355467,0.937732498831449,-0.192066104511583,0.341265102575092,0.192066104511583,-0.27899760140654,2.31875282247079,0.60232327120177,-1.60006552970758,-0.60232327120177,0.281312707236785,1.00146821112657,-1.96231183830219,0.963543939178539,1.96231183830219,-0.965012150305104,1.03886401061262,-0.711678636230512,0.436491229172225,0.711678636230512,-0.475355239784844
SR_48000:1.00260203171364,-1.99749630646754,0.994901120085367,1.99749630646754,-0.997503151799007,1.00328693702149,-1.99273737026039,0.98949483965751,1.99273737026039,-0.992781776678996,1.00716803353334,-1.98646519191241,0.979506865118529,1.98646519191241,-0.986674898651872,1.01313452944715,-1.97933213593885,0.966981733135935,1.97933213593885,-0.980116262583085,0.998354562803085,-1.97761955634883,0.980063090238551,1.97761955634883,-0.978417653041636,0.707945784384145,-4.60618874333807E-14,-0.707945784384099,4.60618874333807E-14,0.999999999999954,1.013128181336,-1.76129966372696,0.914854327900037,1.76129966372696,-0.927982509236032,1.60305599499948,-0.347760080160505,-0.203974300069411,0.347760080160505,-0.399081694930067,0.941244798028573,-0.347058035632808,0.378422110772356,0.347058035632808,-0.319666908800928,2.08156111526801,0.671146864012387,-1.13241611783753,-0.671146864012387,0.0508550025695109,1.00135083525532,-1.96552658395005,0.966458412324632,1.96552658395005,-0.96780924757995,1.03643396990401,-0.839201282240797,0.471725607487417,0.839201282240797,-0.508159577391426
