SR_44100:1.00212681918576,-1.99640289154853,0.994291958550668,1.99640289154853,-0.996418777736423,1.00167990610244,-1.99110618664655,0.989487414637315,1.99110618664655,-0.991167320739756,1.00339546930221,-1.99120643206414,0.987878951533263,1.99120643206414,-0.991274420835472,0.993410865953433,-1.96945123814505,0.976478299161673,1.96945123814505,-0.969889165115106,1.008344235412,-1.97625808425993,0.969637093422919,1.97625808425993,-0.977981328834921,1.00070745762873,-1.93147362776323,0.938548296187658,1.93147362776323,-0.939255753816385,1.00544459341331,-1.89208665231096,0.905313276050722,1.89208665231096,-0.910757869464029,0.955148072268098,-1.60431477699241,0.767917254192104,1.60431477699241,-0.723065326460202,1.13569707105521,-0.982476864626499,0.464490707943153,0.982476864626499,-0.600187778998362,0.801094935165633,-0.552047668280281,0.458956987286745,0.552047668280281,-0.260051922452378,1.82495819090163,-0.0523908331667059,-0.218920996163722,0.0523908331667059,-0.606037194737909,0.584857166327591,0.168567820786869,0.293110981185639,-0.168567820786869,0.12203185248677,0.705787747585712,0.438390851788542,0.210381520474295,-0.438390851788542,0.0838307319399935
SR_48000:1.00195429935034,-1.9966958619487,0.994754974108358,1.9966958619487,-0.996709273458695,1.00154396743955,-1.9918304426732,0.990338097181834,1.9918304426732,-0.991882064621379,1.00312069285945,-1.99192312359022,0.988859840560296,1.99192312359022,-0.991980533419749,0.993938824851129,-1.97193170675349,0.978362991620315,1.97193170675349,-0.972301816471444,1.00767311629526,-1.97829634140038,0.97207915384399,1.97829634140038,-0.979752270139249,1.00065157936937,-1.93746777001939,0.943402034566046,1.93746777001939,-0.944053613935415,1.00502032359028,-1.90189027271728,0.912691736950024,1.90189027271728,-0.917712060540307,0.958328911558946,-1.6411408867174,0.784376255040548,1.6411408867174,-0.742705166599494,1.12660981351717,-1.0910220352253,0.50035228412231,1.0910220352253,-0.626962097639478,0.811846791125957,-0.673169852099073,0.488203183435025,0.673169852099073,-0.300049974560982,1.76629717129805,-0.256466920300532,-0.132246120709701,0.256466920300532,-0.634051050588352,0.602521634249923,0.0461486468498473,0.323189347917963,-0.0461486468498473,0.0742890178321138,0.721200520442344,0.315997937965557,0.251746929863132,-0.315997937965557,0.0270525496945247
