SR_44100:0.973114,-1.907182,0.934674,1.907182,-0.907789,1.008680,-1.863580,0.874142,1.863580,-0.882822,1.074385,-1.673764,0.782806,1.673764,-0.857191,0.874683,-0.686270,0.768014,0.686270,-0.642697,1.128711,0.318106,0.133610,-0.318106,-0.262322,1.242593,0.704340,-0.072122,-0.704340,-0.170471
SR_48000:0.975206,-1.914449,0.939757,1.914449,-0.914963,1.008013,-1.875507,0.883818,1.875507,-0.891831,1.068733,-1.711899,0.799309,1.711899,-0.868042,0.883189,-0.833474,0.783760,0.833474,-0.666949,1.120804,0.138898,0.186834,-0.138898,-0.307639,1.224014,0.554027,0.009987,-0.554027,-0.234001
