SR_44100:1.0002322796716629,-1.9981977054252644,0.9979735382119249,1.9981977054252644,-0.9982058178835878,1.0008829566216075,-1.9930835230868513,0.9922968814214065,1.9930835230868513,-0.9931798380430141,0.9994062094249513,-1.9889337590001470,0.9896734099325187,1.9889337590001470,-0.9890796193574700,1.0090829909858081,-1.9569214397832928,0.9543094380980082,1.9569214397832928,-0.9633924290838162,1.0004965464507216,-1.9676723017987385,0.9827434456599579,1.9676723017987385,-0.9832399921106793,1.1236751081334841,-1.6921955047416599,0.7127211904826790,1.6921955047416599,-0.8363962986161632,1.0460145818983251,-1.6055410412956663,0.7966418808835205,1.6055410412956663,-0.8426564627818456,1.0509321422781517,-1.2240641310197153,0.7021466116824031,1.2240641310197153,-0.7530787539605549,0.9867270173326460,-1.2654446618822044,0.9413410123716239,1.2654446618822044,-0.9280680297042698,1.0390401935906257,-1.0126652488840289,0.8274646859537840,1.0126652488840289,-0.8665048795444096,0.9251632172595067,-0.1474467250269085,0.7328498095676581,0.1474467250269085,-0.6580130268271649,0.9873424562135398,1.2782040164071828,0.7798731212039998,-1.2782040164071828,-0.7672155774175397,0.7243119173926094,1.4486238347852187,0.7243119173926094,-1.4172843657191352,-0.4799633038513023
SR_48000:1.0002134225026313,-1.9983446267969645,0.9981380525329611,1.9983446267969645,-0.9983514750355921,1.0008114411239057,-1.9936509181133097,0.9929207992283795,1.9936509181133097,-0.9937322403522852,0.9994542128938408,-1.9898392735535448,0.9905082364957387,1.9898392735535448,-0.9899624493895796,1.0083573910043455,-1.9608460693249810,0.9579594550275520,1.9608460693249810,-0.9663168460318975,1.0004565125820049,-1.9714389098951839,0.9841347487896941,1.9714389098951839,-0.9845912613716991,1.1143683518405449,-1.7259173674205974,0.7343393957032287,1.7259173674205974,-0.8487077475437739,1.0425435929358875,-1.6523941047580335,0.8119816657463939,1.6523941047580335,-0.8545252586822815,1.0472554171652029,-1.3160379044175876,0.7236482604216904,1.3160379044175876,-0.7709036775868933,0.9877698259326255,-1.3673461399286551,0.9459496296129782,1.3673461399286551,-0.9337194555456038,1.0360602990526029,-1.1424591730072797,0.8406341145005162,1.1424591730072797,-0.8766944135531192,0.9303041070152716,-0.3496046966760086,0.7512016096711804,0.3496046966760086,-0.6815057166864519,0.9882820021879832,1.0299125517417549,0.7962127307150351,-1.0299125517417549,-0.7844947329030184,0.7256033231425011,1.4512066462850022,0.7256033231425011,-1.3470146968790273,-0.5553985956909769
