SR_44100:1.000709,-1.998566,0.997865,1.998566,-0.998575,1.000887,-1.998206,0.997332,1.998206,-0.998219,1.001099,-1.997772,0.996692,1.997772,-0.997791,1.001418,-1.997119,0.995733,1.997119,-0.997151,1.001467,-1.996179,0.994763,1.996179,-0.996230,1.001099,-1.994594,0.993575,1.994594,-0.994674,1.000462,-1.992291,0.991958,1.992291,-0.992420,1.000000,-1.999797,1.000000,1.999797,-1.000000,1.000000,-1.999683,1.000000,1.999683,-1.000000,1.000000,-1.999480,1.000000,1.999480,-1.000000,0.985244,-1.959793,0.975345,1.959793,-0.960589,1.000000,-1.998731,1.000000,1.998731,-1.000000,1.000000,-1.997986,1.000000,1.997986,-1.000000,1.000000,-1.996753,1.000000,1.996753,-1.000000,1.000000,-1.994927,1.000000,1.994927,-1.000000,1.000000,-1.991949,1.000000,1.991949,-1.000000,1.000000,-1.987022,1.000000,1.987022,-1.000000,1.000000,-1.979735,1.000000,1.979735,-1.000000,1.006588,-1.864424,0.885421,1.864424,-0.892010,1.017358,-1.817648,0.848563,1.817648,-0.865921,1.032253,-1.769291,0.811382,1.769291,-0.843635,1.026149,-1.685164,0.771873,1.685164,-0.798021,1.015695,-1.575500,0.727044,1.575500,-0.742739,1.000000,-1.683906,1.000000,1.683906,-1.000000,1.000000,-1.513618,1.000000,1.513618,-1.000000,1.000000,-1.246980,1.000000,1.246980,-1.000000,0.967207,-0.583583,0.429693,0.583583,-0.396899,0.961637,-0.188371,0.332837,0.188371,-0.294474,0.914941,0.162404,0.257926,-0.162404,-0.172867,0.845843,0.614698,0.098485,-0.614698,0.055671,0.968755,-1.714009,0.817276,1.714009,-0.786030
SR_48000:1.000652,-1.998683,0.998039,1.998683,-0.998690,1.000815,-1.998352,0.997549,1.998352,-0.998363,1.001010,-1.997954,0.996961,1.997954,-0.997971,1.001303,-1.997355,0.996080,1.997355,-0.997382,1.001348,-1.996493,0.995187,1.996493,-0.996535,1.001010,-1.995038,0.994096,1.995038,-0.995106,1.000425,-1.992924,0.992609,1.992924,-0.993034,1.000000,-1.999829,1.000000,1.999829,-1.000000,1.000000,-1.999732,1.000000,1.999732,-1.000000,1.000000,-1.999561,1.000000,1.999561,-1.000000,0.986422,-1.963060,0.977312,1.963060,-0.963733,1.000000,-1.998929,1.000000,1.998929,-1.000000,1.000000,-1.998300,1.000000,1.998300,-1.000000,1.000000,-1.997259,1.000000,1.997259,-1.000000,1.000000,-1.995718,1.000000,1.995718,-1.000000,1.000000,-1.993203,1.000000,1.993203,-1.000000,1.000000,-1.989044,1.000000,1.989044,-1.000000,1.000000,-1.982890,1.000000,1.982890,-1.000000,1.006080,-1.876953,0.894270,1.876953,-0.900349,1.016034,-1.835148,0.860112,1.835148,-0.876147,1.029820,-1.792211,0.825614,1.792211,-0.855433,1.024220,-1.716709,0.788700,1.716709,-0.812920,1.014570,-1.618167,0.746621,1.618167,-0.761191,1.000000,-1.732051,1.000000,1.732051,-1.000000,1.000000,-1.586707,1.000000,1.586707,-1.000000,1.000000,-1.357601,1.000000,1.357601,-1.000000,0.969163,-0.716441,0.463719,0.716441,-0.432882,0.963827,-0.345459,0.370923,0.345459,-0.334750,0.919627,-0.000000,0.298811,0.000000,-0.218439,0.856400,0.508310,0.160220,-0.508310,-0.016620,0.971044,-1.740315,0.830663,1.740315,-0.801707
