SR_44100:1.000503,-1.997923,0.997471,1.997923,-0.997974,1.001213,-1.994983,0.993901,1.994983,-0.995113,1.000501,-1.997778,0.997480,1.997778,-0.997981,1.005057,-1.978364,0.974562,1.978364,-0.979619
SR_48000:1.000462,-1.998095,0.997676,1.998095,-0.998138,1.001114,-1.995400,0.994395,1.995400,-0.995509,1.000460,-1.997974,0.997685,1.997974,-0.998145,1.004650,-1.980199,0.976610,1.980199,-0.981260
