SR_44100:0.990042,-1.970074,0.980832,1.970074,-0.970874,1.010302,-1.822047,0.820845,1.822047,-0.831147,0.685327,-0.549229,-0.123311,0.549229,0.437985,1.000000,-1.312656,1.000000,1.312656,-1.000000,10.000000,0.000000,-10.000000,-0.000000,1.000000
SR_48000:0.990841,-1.972533,0.982368,1.972533,-0.973209,1.009529,-1.836068,0.834274,1.836068,-0.843803,0.693166,-0.586351,-0.095327,0.586351,0.402161,1.000000,-1.414214,1.000000,1.414214,-1.000000,10.000000,0.000000,-10.000000,-0.000000,1.000000
