SR_44100:0.998529,-1.992317,0.993799,1.992317,-0.992328,0.997487,-1.985106,0.987701,1.985106,-0.985188,0.995657,-1.985982,0.990615,1.985982,-0.986272,0.992906,-1.958278,0.966192,1.958278,-0.959098,0.981364,-1.765239,0.797086,1.765239,-0.778449,0.992206,-1.716248,0.806464,1.716248,-0.798670,0.949865,-1.657451,0.898477,1.657451,-0.848342,0.850822,-1.247400,0.576923,1.247400,-0.427745,0.875395,-0.440483,0.747673,0.440483,-0.623068,1.136950,0.115644,0.078149,-0.115644,-0.215100,1.410086,0.647948,-0.690423,-0.647948,0.280337
SR_48000:0.998648,-1.992940,0.994301,1.992940,-0.992949,0.997690,-1.986314,0.988694,1.986314,-0.986384,0.996008,-1.987135,0.991373,1.987135,-0.987380,0.993472,-1.961666,0.968887,1.961666,-0.962359,0.982724,-1.783363,0.811894,1.783363,-0.794618,0.992781,-1.743288,0.820739,1.743288,-0.813519,0.953654,-1.697228,0.906149,1.697228,-0.859803,0.859747,-1.305578,0.602236,1.305578,-0.461984,0.883768,-0.611627,0.764629,0.611627,-0.648397,1.128931,-0.050499,0.132129,0.050499,-0.261060,1.328719,0.763872,-0.355021,-0.763872,0.026302
