SR_44100:0.99749349085408,-1.97779813349748,0.980505399903199,1.97779813349748,-0.977998890757279,1.01904131441659,-1.78179519981669,0.938899844070284,1.78179519981669,-0.957941158486873,1.03316454602883,-1.38501929812382,0.91434336316157,1.38501929812382,-0.947507909190396,1.01991300535552,-1.16337043064973,0.933751621306174,1.16337043064973,-0.953664626661695,1.02350866735687,-1.07530624867612,0.958453646813966,1.07530624867612,-0.981962314170839,0.962749223672636,-0.567824129475031,0.839247985528891,0.567824129475031,-0.801997209201528,0.928927879994768,0.155244089965082,0.789347228983682,-0.155244089965082,-0.71827510897845
SR_48000:0.997695086205824,-1.97959880050815,0.982073325865093,1.97959880050815,-0.979768412070917,1.0175240103256,-1.81199810014327,0.943768600214112,1.81199810014327,-0.961292610539711,1.03053450934949,-1.47205029876607,0.921136162210215,1.47205029876607,-0.951670671559709,1.01832935054743,-1.28129844545233,0.939020266675049,1.28129844545233,-0.957349617222479,1.02161434563308,-1.20742702805799,0.961801440127383,1.20742702805799,-0.983415785760462,0.965502079795616,-0.744316859416762,0.851127661899369,0.744316859416762,-0.816629741694985,0.933967092547522,-0.0773368451603621,0.804283100995095,0.0773368451603621,-0.738250193542617
