SR_44100:2.39073356530617,-0.00385099306319161,-1.30956759683342,0.00385099306319161,-0.081165968472751,0.767477667039505,-0.613393773385506,0.476853733885561,0.613393773385506,-0.244331400925067
SR_48000:2.30025207145784,-0.14892327866196,-1.15930651770344,0.14892327866196,-0.140945553754397,0.779852805837751,-0.726606272759958,0.504696253666446,0.726606272759958,-0.284549059504197
