SR_44100:1.00325488716992,-1.99567352851282,0.992439383111127,1.99567352851282,-0.995694270281045,1.00401328465681,-1.9928416807838,0.988933256016492,1.9928416807838,-0.992946540673304,1.11667343932775,0.154345800230072,-0.450865210826148,-0.154345800230072,0.334191771498394,1.41253754462275,-3.08285544202E-14,-1.41253754462272,3.08285544202E-14,0.999999999999969
SR_48000:1.00299095051499,-1.99602590783878,0.993052468550557,1.99602590783878,-0.996043419065544,1.00368826136137,-1.99342924026062,0.989829516787143,1.99342924026062,-0.993517778148511,1.11058820419604,0.0641258200925168,-0.375193695499474,-0.0641258200925168,0.264605491303437,1.41253754462275,-3.40860190664572E-14,-1.41253754462271,3.40860190664572E-14,0.999999999999966
