SR_44100:1.0001887683784154,-1.9968445941642032,0.9967171360686592,1.9968445941642032,-0.9969059044470745,0.9987847206412103,-1.9838696842678252,0.9858906623023406,1.9838696842678252,-0.9846753829435507,1.0128671258259734,-1.8922145345091756,0.8877442067055565,1.8922145345091756,-0.9006113325315300,0.9905091563063279,-1.8025449005690186,0.8623874999096678,1.8025449005690186,-0.8528966562159955,1.0033932327042041,-1.8876261786235922,0.9409884147504203,1.8876261786235922,-0.9443816474546246,1.0089459053846428,-1.7460676928353080,0.8444220882386148,1.7460676928353080,-0.8533679936232577,1.0162837181948845,-1.6708512112315561,0.8579370615883751,1.6708512112315561,-0.8742207797832596,0.9870355163068389,-1.4440583220715653,0.8868948340669119,1.4440583220715653,-0.8739303503737510,1.0301441912558154,-1.1213780478115056,0.7370150763731305,1.1213780478115056,-0.7671592676289458,0.9407862295028676,-0.7229300073366474,0.8451815471357468,0.7229300073366474,-0.7859677766386146,1.0468154504244407,-0.2829764641122027,0.7262212051010527,0.2829764641122027,-0.7730366555254933,0.9588727614765216,0.1406167618769197,0.7594861162629942,-0.1406167618769197,-0.7183588777395159,0.8501913575613849,0.9982539605403936,0.5491478232378745,-0.9982539605403936,-0.3993391807992593
SR_48000:1.0001734527462971,-1.9971051837574418,0.9969834896639410,1.9971051837574418,-0.9971569424102381,0.9988827670120071,-1.9852312208337939,0.9870289761769251,1.9852312208337939,-0.9859117431889324,1.0118693020281333,-1.9012014447400232,0.8964494532003512,1.9012014447400232,-0.9083187552284844,0.9912282457174476,-1.8212541658998409,0.8728139377319101,1.8212541658998409,-0.8640421834493578,1.0031245679673362,-1.9007327974326709,0.9456607533152355,1.9007327974326709,-0.9487853212825718,1.0082678264495304,-1.7732280984972371,0.8562145340781677,1.7732280984972371,-0.8644823605276982,1.0150367575260779,-1.7108078732961207,0.8688158359920032,1.7108078732961207,-0.8838525935180809,0.9880279813302604,-1.5165704810933598,0.8955533293694353,1.5165704810933598,-0.8835813106996958,1.0279531911299837,-1.2280817386802327,0.7561298701942156,1.2280817386802327,-0.7840830613241994,0.9451247557503006,-0.8803243016698806,0.8565249207412334,0.8803243016698806,-0.8016496764915341,1.0433949163183043,-0.4857751368204030,0.7462246376644149,0.4857751368204030,-0.7896195539827194,0.9617937670001062,-0.0909788402302888,0.7765682838997424,0.0909788402302888,-0.7383620508998486,0.8600719668931852,0.8150334753342109,0.5788837193281398,-0.8150334753342109,-0.4389556862213250
