SR_44100:1.000499,-1.992578,0.992106,1.992578,-0.992605,0.973569,-1.907193,0.934244,1.907193,-0.907813,1.060276,-1.689586,0.796341,1.689586,-0.856617,0.868624,-0.934096,0.578437,0.934096,-0.447061,1.225267,0.426696,0.342249,-0.426696,-0.567516,2.018199,0.493253,-1.503133,-0.493253,0.484933,1.005924,-1.893990,0.906317,1.893990,-0.912241
SR_48000:1.000459,-1.993181,0.992745,1.993181,-0.993204,0.975625,-1.914460,0.939360,1.914460,-0.914985,1.055698,-1.725352,0.811809,1.725352,-0.867507,0.876601,-1.033174,0.604036,1.033174,-0.480637,1.209757,0.200194,0.387537,-0.200194,-0.597294,1.675311,0.879130,-0.660179,-0.879130,-0.015132,1.005462,-1.903620,0.913623,1.903620,-0.919085
