SR_44100:0.998412,-1.991614,0.993288,1.991614,-0.991700,0.999122,-1.985119,0.986370,1.985119,-0.985492,1.000960,-1.977713,0.977752,1.977713,-0.978712,1.002201,-1.966992,0.966994,1.966992,-0.969194,1.002997,-1.952534,0.953868,1.952534,-0.956864,1.005725,-1.935470,0.937668,1.935470,-0.943393,1.007761,-1.911993,0.918040,1.911993,-0.925801,1.004841,-1.876447,0.894803,1.876447,-0.899644,1.004689,-1.833159,0.866419,1.833159,-0.871108,1.007642,-1.778531,0.831851,1.778531,-0.839492,1.011805,-1.706253,0.790521,1.706253,-0.802325,1.017992,-1.610316,0.741276,1.610316,-0.759268,1.011564,-1.471555,0.685968,1.471555,-0.697533,1.015312,-1.296619,0.619800,1.296619,-0.635112,1.011498,-1.062427,0.545960,1.062427,-0.557457,0.978354,-0.751921,0.470089,0.751921,-0.448443,0.988115,-0.392098,0.374265,0.392098,-0.362380,0.958575,0.028399,0.279586,-0.028399,-0.238162,0.888843,0.430888,0.183591,-0.430888,-0.072434,0.776408,0.636313,0.037374,-0.636313,0.186218
SR_48000:0.998540,-1.992300,0.993831,1.992300,-0.992372,0.999193,-1.986348,0.987470,1.986348,-0.986663,1.000883,-1.979581,0.979542,1.979581,-0.980425,1.002024,-1.969800,0.969638,1.969800,-0.971662,1.002758,-1.956638,0.957542,1.956638,-0.960300,1.005272,-1.941169,0.942601,1.941169,-0.947873,1.007152,-1.919932,0.924473,1.919932,-0.931625,1.004466,-1.887756,0.902957,1.887756,-0.907423,1.004330,-1.848743,0.876632,1.848743,-0.880962,1.007066,-1.799735,0.844509,1.799735,-0.851575,1.010932,-1.735068,0.806003,1.735068,-0.816935,1.016690,-1.649421,0.759990,1.649421,-0.776681,1.010754,-1.524909,0.707972,1.524909,-0.718726,1.014273,-1.368182,0.645588,1.368182,-0.659862,1.010749,-1.156905,0.575514,1.156905,-0.586263,0.979681,-0.872194,0.502581,0.872194,-0.482263,0.988815,-0.539798,0.411135,0.539798,-0.399950,0.960909,-0.136244,0.320174,0.136244,-0.281083,0.895194,0.280881,0.230232,-0.280881,-0.125426,0.795970,0.589124,0.121595,-0.589124,0.082435
