SR_44100:1.000440,-1.993811,0.993457,1.993811,-0.993897,1.001043,-1.987015,0.986345,1.987015,-0.987388,1.002412,-1.979040,0.977627,1.979040,-0.980039,1.003344,-1.968021,0.966881,1.968021,-0.970225,1.003742,-1.953208,0.953798,1.953208,-0.957539,1.005329,-1.935122,0.937714,1.935122,-0.943044,1.008235,-1.912401,0.917977,1.912401,-0.926212,1.011245,-1.881986,0.894006,1.881986,-0.905252,1.014307,-1.841334,0.865145,1.841334,-0.879452,1.019487,-1.788187,0.829992,1.788187,-0.849479,1.028717,-1.719229,0.787315,1.719229,-0.816032,1.036366,-1.623464,0.737267,1.623464,-0.773632,1.041877,-1.491881,0.679103,1.491881,-0.720979,1.050439,-1.245285,0.586572,1.245285,-0.637011,1.048459,-1.080688,0.535767,1.080688,-0.584227,1.041534,-0.775507,0.452345,0.775507,-0.493879,1.040666,-0.402232,0.356923,0.402232,-0.397589,1.029185,0.029433,0.254034,-0.029433,-0.283219,0.986724,0.455024,0.145784,-0.455024,-0.132508,0.862594,0.673776,-0.000900,-0.673776,0.138306
SR_48000:1.000404,-1.994319,0.993987,1.994319,-0.994391,1.000959,-1.988092,0.987448,1.988092,-0.988407,1.002218,-1.980802,0.979429,1.980802,-0.981646,1.003076,-1.970748,0.969535,1.970748,-0.972611,1.003444,-1.957259,0.957478,1.957259,-0.960922,1.004908,-1.940848,0.942643,1.940848,-0.947550,1.007589,-1.920309,0.924416,1.920309,-0.932004,1.010371,-1.892895,0.902244,1.892895,-0.912616,1.013209,-1.856355,0.875497,1.856355,-0.888706,1.018013,-1.808766,0.842854,1.808766,-0.860867,1.026580,-1.747282,0.803145,1.747282,-0.829725,1.033715,-1.661907,0.756414,1.661907,-0.790130,1.038905,-1.544477,0.701876,1.544477,-0.740781,1.047010,-1.323846,0.614677,1.323846,-0.661687,1.045254,-1.175474,0.566471,1.175474,-0.611725,1.038912,-0.897827,0.486913,0.897827,-0.525825,1.038212,-0.552907,0.395734,0.552907,-0.433946,1.027485,-0.140913,0.297502,0.140913,-0.324986,0.987523,0.295668,0.197154,-0.295668,-0.184677,0.875258,0.620612,0.091350,-0.620612,0.033393
