SR_44100:1.000252,-1.993634,0.993467,1.993634,-0.993719,1.000745,-1.986738,0.986366,1.986738,-0.987111,1.002206,-1.978857,0.977651,1.978857,-0.979856,1.003096,-1.967801,0.966908,1.967801,-0.970004,1.004462,-1.953848,0.953719,1.953848,-0.958181,1.007202,-1.936749,0.937475,1.936749,-0.944677,1.008899,-1.912967,0.917883,1.912967,-0.926782,1.014752,-1.884868,0.893417,1.884868,-0.908170,1.015167,-1.842035,0.865000,1.842035,-0.880168,1.021563,-1.789805,0.829590,1.789805,-0.851153,1.023284,-1.715182,0.788473,1.715182,-0.811758,1.027810,-1.617466,0.739269,1.617466,-0.767080,1.030666,-1.484602,0.681917,1.484602,-0.712583,1.030647,-1.305897,0.616165,1.305897,-0.646812,1.026861,-1.070202,0.541995,1.070202,-0.568856,1.017723,-0.766945,0.459661,0.766945,-0.477384,1.012762,-0.396957,0.366498,0.396957,-0.379260,1.003815,0.029073,0.263711,-0.029073,-0.267526,0.973143,0.451840,0.151439,-0.451840,-0.124582,0.865254,0.674880,-0.002148,-0.674880,0.136894
SR_48000:1.000231,-1.994156,0.993996,1.994156,-0.994228,1.000685,-1.987837,0.987468,1.987837,-0.988152,1.002028,-1.980634,0.979450,1.980634,-0.981478,1.002848,-1.970546,0.969560,1.970546,-0.972408,1.004106,-1.957849,0.957407,1.957849,-0.961513,1.006632,-1.942350,0.942426,1.942350,-0.949058,1.008200,-1.920833,0.924331,1.920833,-0.932531,1.013604,-1.895568,0.901713,1.895568,-0.915317,1.014003,-1.857007,0.875367,1.857007,-0.889370,1.019930,-1.810280,0.842493,1.810280,-0.862424,1.021555,-1.743474,0.804183,1.743474,-0.825738,1.025790,-1.656213,0.758206,1.656213,-0.783997,1.028499,-1.537474,0.704389,1.537474,-0.732888,1.028555,-1.377303,0.642373,1.377303,-0.670928,1.025101,-1.164817,0.572011,1.164817,-0.597112,1.016616,-0.888532,0.493414,0.888532,-0.510030,1.012001,-0.546088,0.404260,0.546088,-0.416261,1.003595,-0.139289,0.306120,0.139289,-0.309715,0.974748,0.293723,0.202134,-0.293723,-0.176881,0.877691,0.621535,0.090354,-0.621535,0.031955
