SR_44100:0.906111,-1.510889,0.693610,1.510889,-0.599721,0.999957,-1.999656,0.999699,1.999656,-0.999656,1.001044,-1.997610,0.996858,1.997610,-0.997902,1.017395,-1.616868,0.878292,1.616868,-0.895687,1.000460,-1.998136,0.997969,1.998136,-0.998428,0.984975,-1.510217,0.894878,1.510217,-0.879853,1.000343,-1.998043,0.997992,1.998043,-0.998335,1.011056,-1.499210,0.922648,1.499210,-0.933704,0.998988,-1.940366,0.964839,1.940366,-0.963827,1.032630,-1.100608,0.901800,1.100608,-0.934430,1.062451,-0.935319,0.846470,0.935319,-0.908922,1.020700,-1.194489,0.855170,1.194489,-0.875870,0.986008,-1.313021,0.837550,1.313021,-0.823558,1.007655,-0.436246,0.733961,0.436246,-0.741616,1.052561,-0.009201,0.792577,0.009201,-0.845138,1.269170,1.030781,0.296237,-1.030781,-0.565407,1.192808,1.744512,0.628855,-1.744512,-0.821662,0.984549,1.493374,0.865200,-1.493374,-0.849749,1.010231,1.701866,0.910743,-1.701866,-0.920974,0.998305,-1.995410,0.997397,1.995410,-0.995702
SR_48000:0.912333,-1.549908,0.713913,1.549908,-0.626246,0.999960,-1.999684,0.999723,1.999684,-0.999684,1.000959,-1.997826,0.997113,1.997826,-0.998072,1.016049,-1.666472,0.887709,1.666472,-0.903758,1.000422,-1.998309,0.998134,1.998309,-0.998556,0.986129,-1.573863,0.902948,1.573863,-0.889077,1.000316,-1.998224,0.998155,1.998224,-0.998470,1.010185,-1.568923,0.928742,1.568923,-0.938927,0.999069,-1.946878,0.967648,1.946878,-0.966717,1.030058,-1.225161,0.909540,1.225161,-0.939598,1.057586,-1.078827,0.858431,1.078827,-0.916017,1.019113,-1.301389,0.866272,1.301389,-0.885385,0.987053,-1.399316,0.849683,1.399316,-0.836736,1.007105,-0.620453,0.753070,0.620453,-0.760175,1.048583,-0.244778,0.808273,0.244778,-0.856856,1.248505,0.812039,0.350267,-0.812039,-0.598772,1.172180,1.594129,0.668562,-1.594129,-0.840742,0.985732,1.249042,0.875527,-1.249042,-0.861259,1.009422,1.476070,0.917804,-1.476070,-0.927226,0.998443,-1.995804,0.997608,1.995804,-0.996050
