SR_44100:0.997984,-1.986028,0.988246,1.986028,-0.986229,1.034393,-1.805275,0.846143,1.805275,-0.880536,0.975366,-1.715236,0.911894,1.715236,-0.887260,1.070254,-1.634176,0.772094,1.634176,-0.842348,0.545571,-0.140099,0.417181,0.140099,0.037248,1.119628,-0.273920,0.762737,0.273920,-0.882365,1.171118,0.323415,0.112275,-0.323415,-0.283392,1.122018,-0.000000,-1.122018,0.000000,1.000000
SR_48000:0.998146,-1.987171,0.989195,1.987171,-0.987341,1.031751,-1.825808,0.857962,1.825808,-0.889713,0.977263,-1.749719,0.918682,1.749719,-0.895945,1.064954,-1.676857,0.789286,1.676857,-0.854241,0.564707,-0.260483,0.441723,0.260483,-0.006430,1.110412,-0.489538,0.781016,0.489538,-0.891428,1.160441,0.141072,0.167663,-0.141072,-0.328104,1.122018,-0.000000,-1.122018,0.000000,1.000000
