SR_44100:0.998475463499967,-1.98875678617036,0.990459692912693,1.98875678617036,-0.98893515641266,0.994419683374899,-1.96895823458678,0.975338193978108,1.96895823458678,-0.969757877353007,0.995243449255953,-1.94935831002645,0.956337383809902,1.94935831002645,-0.951580833065855,1.25892541179416,-5.61615941187822E-14,-1.2589254117941,5.61615941187822E-14,0.999999999999944,0.982599028117242,-1.71893684296632,0.912467139491138,1.71893684296632,-0.89506616760838,0.981429029126903,-1.20232320554883,0.837982538151656,1.20232320554883,-0.819411567278559,0.918651793130781,-1.01169670144247,0.811040262034501,1.01169670144247,-0.729692055165283,1.14853508367138,-0.54551928387267,0.343559932697768,0.54551928387267,-0.492095016369148,0.932840210008849,-0.41904047649256,0.824406135704166,0.41904047649256,-0.757246345713015,0.871815118591838,0.255962812880157,0.355186054017856,-0.255962812880157,-0.227001172609695
SR_48000:0.998598702452342,-1.98967897447868,0.991230902687434,1.98967897447868,-0.989829605139776,0.994866783583186,-1.97150508747913,0.977314121035641,1.97150508747913,-0.972180904618827,0.99562132292019,-1.95354759834127,0.959806063880343,1.95354759834127,-0.955427386800533,1.25892541179416,-6.14245140983072E-14,-1.2589254117941,6.14245140983072E-14,0.999999999999938,0.983944702648309,-1.75350557368887,0.919236344212109,1.75350557368887,-0.903181046860418,0.982813215936103,-1.30314173067341,0.850058505266305,1.30314173067341,-0.832871721202408,0.924439279119824,-1.12885580006827,0.824483727822588,1.12885580006827,-0.748923006942413,1.13906925104773,-0.692447184326777,0.385393495859792,0.692447184326777,-0.524462746907517,0.937690556895792,-0.606646053397368,0.837087699377396,0.606646053397368,-0.774778256273188,0.879020869974124,0.0830916884923456,0.391433456453585,-0.0830916884923456,-0.270454326427709
