SR_44100:1.000805,-1.986756,0.986008,1.986756,-0.986813,1.000135,-1.994797,0.994776,1.994797,-0.994911,1.000086,-1.995578,0.995728,1.995578,-0.995814,0.999622,-1.988939,0.989900,1.988939,-0.989522,0.999877,-1.988194,0.989339,1.988194,-0.989216,1.001134,-1.956700,0.960581,1.956700,-0.961715,1.007012,-1.897978,0.902386,1.897978,-0.909397,1.011704,-1.856342,0.872570,1.856342,-0.884274,1.013471,-1.805068,0.843606,1.805068,-0.857076,1.015390,-1.790292,0.865732,1.790292,-0.881123,1.029653,-1.511594,0.603014,1.511594,-0.632667,1.023113,-1.484915,0.748347,1.484915,-0.771460,1.017133,-1.671528,0.829346,1.671528,-0.846479,1.040155,0.513187,0.069347,-0.513187,-0.109502,1.006422,-1.351971,0.814004,1.351971,-0.820425,0.997108,-1.168039,0.832494,1.168039,-0.829601,1.039260,-0.661438,0.317227,0.661438,-0.356488,1.005188,-0.512694,0.639507,0.512694,-0.644694,1.000000,-0.116458,0.924435,0.116458,-0.924435,0.965485,0.092323,0.399750,-0.092323,-0.365235
SR_48000:1.000740,-1.987830,0.987138,1.987830,-0.987878,1.000124,-1.995227,0.995199,1.995227,-0.995324,1.000079,-1.995954,0.996075,1.995954,-0.996154,0.999653,-1.989877,0.990717,1.989877,-0.990370,0.999887,-1.989225,0.990201,1.989225,-0.990088,1.001044,-1.960531,0.963727,1.960531,-0.964771,1.006466,-1.906777,0.909987,1.906777,-0.916453,1.010803,-1.869481,0.882375,1.869481,-0.893178,1.012448,-1.823740,0.855482,1.823740,-0.867929,1.014208,-1.813116,0.876048,1.813116,-0.890256,1.027645,-1.553575,0.629887,1.553575,-0.657532,1.021430,-1.542890,0.766667,1.542890,-0.788098,1.015839,-1.709100,0.842239,1.709100,-0.858078,1.037611,0.360283,0.128289,-0.360283,-0.165901,1.005943,-1.432668,0.827877,1.432668,-0.833820,0.997324,-1.274313,0.845045,1.274313,-0.842369,1.036961,-0.782129,0.357207,0.782129,-0.394169,1.004833,-0.678839,0.664157,0.678839,-0.668990,1.000000,-0.351781,0.930363,0.351781,-0.930363,0.967557,-0.091783,0.435781,0.091783,-0.403338
