SR_44100:1.002232,-1.993392,0.991192,1.993392,-0.993424,1.006480,-1.977713,0.971361,1.977713,-0.977841,1.010125,-1.986404,0.976481,1.986404,-0.986606,0.996571,-1.964857,0.970083,1.964857,-0.966653,1.034048,-1.816343,0.800888,1.816343,-0.834936,1.129354,-1.244960,0.349303,1.244960,-0.478658,0.885904,-0.749617,0.495761,0.749617,-0.381665
SR_48000:1.002051,-1.993929,0.991906,1.993929,-0.993957,1.005959,-1.979515,0.973664,1.979515,-0.979623,1.009308,-1.987517,0.978380,1.987517,-0.987687,0.996845,-1.967803,0.972476,1.967803,-0.969321,1.031490,-1.831531,0.815845,1.831531,-0.847335,1.121281,-1.308735,0.389917,1.308735,-0.511197,0.892587,-0.863153,0.525297,0.863153,-0.417884
