SR_44100:1.000402,-1.998346,0.997976,1.998346,-0.998379,1.001005,-1.995749,0.994947,1.995749,-0.995951,1.002874,-1.976547,0.974928,1.976547,-0.977802,0.852429,-0.728589,0.257670,0.728589,-0.110099
SR_48000:1.000370,-1.998483,0.998140,1.998483,-0.998510,1.000923,-1.996109,0.995356,1.996109,-0.996280,1.002643,-1.978527,0.976944,1.978527,-0.979587,0.859647,-0.815733,0.293974,0.815733,-0.153621
