SR_44100:1.000013,-1.996339,0.996334,1.996339,-0.996347,1.002925,-1.993554,0.990662,1.993554,-0.993587,0.998177,-1.990422,0.992297,1.990422,-0.990474,0.995463,-1.971828,0.976456,1.971828,-0.971918,1.137286,-1.770654,0.633496,1.770654,-0.770782,0.994673,-1.978870,0.984399,1.978870,-0.979071,1.000234,-1.996614,0.996639,1.996614,-0.996873,0.996837,-1.967459,0.970969,1.967459,-0.967806,1.004952,-1.983550,0.979404,1.983550,-0.984356,1.007795,-1.956192,0.949442,1.956192,-0.957238,1.010696,-1.955403,0.946344,1.955403,-0.957040,1.007368,-1.854431,0.851054,1.854431,-0.858422,0.991651,-1.918787,0.931569,1.918787,-0.923220,0.988817,-1.914796,0.930508,1.914796,-0.919325,1.002323,-1.948122,0.950753,1.948122,-0.953075,0.993460,-1.908389,0.920923,1.908389,-0.914383,0.971556,-1.735351,0.778185,1.735351,-0.749741,1.030039,-1.826160,0.825469,1.826160,-0.855509,0.921333,-1.534587,0.639251,1.534587,-0.560584,1.021383,-1.848258,0.866659,1.848258,-0.888042,1.016247,-1.852034,0.879673,1.852034,-0.895920,1.018241,-1.791290,0.832553,1.791290,-0.850795,1.031908,-1.460829,0.490805,1.460829,-0.522713,1.000598,-1.850844,0.992112,1.850844,-0.992710,1.064169,-1.501536,0.765596,1.501536,-0.829765,1.076835,-1.243088,0.572958,1.243088,-0.649794,1.207769,-0.417607,-0.243510,0.417607,0.035741,0.874040,-0.590983,0.704183,0.590983,-0.578222,0.997883,-0.457814,0.387194,0.457814,-0.385078,0.993542,0.117341,-0.869700,-0.117341,0.876157
SR_48000:1.000012,-1.996636,0.996632,1.996636,-0.996643,1.002688,-1.994079,0.991418,1.994079,-0.994106,0.998325,-1.991200,0.992920,1.991200,-0.991244,0.995827,-1.974094,0.978344,1.974094,-0.974171,1.127316,-1.787319,0.660112,1.787319,-0.787428,0.995101,-1.980586,0.985654,1.980586,-0.980755,1.000215,-1.996908,0.996912,1.996908,-0.997127,0.997091,-1.970090,0.973293,1.970090,-0.970383,1.004552,-1.984938,0.981066,1.984938,-0.985618,1.007174,-1.959759,0.953470,1.959759,-0.960644,1.009844,-1.959078,0.950618,1.959078,-0.960462,1.006808,-1.865789,0.862369,1.865789,-0.869177,0.992306,-1.925485,0.936932,1.925485,-0.929238,0.989692,-1.921801,0.935945,1.921801,-0.925637,1.002138,-1.952616,0.954668,1.952616,-0.956806,0.993970,-1.915988,0.927095,1.915988,-0.921066,0.973601,-1.755460,0.794133,1.755460,-0.767734,1.027760,-1.841543,0.838713,1.841543,-0.866473,0.926428,-1.566691,0.662617,1.566691,-0.589045,1.019734,-1.862918,0.876938,1.862918,-0.896673,1.014990,-1.866749,0.888984,1.866749,-0.903973,1.016860,-1.811513,0.845230,1.811513,-0.862091,1.029879,-1.499722,0.523177,1.499722,-0.553056,1.000550,-1.873290,0.992751,1.873290,-0.993301,1.059357,-1.562185,0.783171,1.562185,-0.842529,1.071572,-1.323132,0.602207,1.323132,-0.673780,1.197882,-0.520362,-0.184332,0.520362,-0.013550,0.882297,-0.741925,0.723574,0.741925,-0.605871,0.998010,-0.601871,0.423722,0.601871,-0.421732,0.994709,0.393428,-0.532005,-0.393428,0.537296
