SR_44100:1.0001177102619558,-1.9971641021497313,0.9970772238464032,1.9971641021497313,-0.997194934108359,0.9754443614275121,-1.9057588245711905,0.9303590299424265,1.9057588245711905,-0.9058033913699386,1.0000916869594279,-1.9960455345657109,0.996017382247251,1.9960455345657109,-0.9961090692066789,0.998001454870704,-1.970523020149516,0.97324379258105,1.970523020149516,-0.971245247451754,1.16098004455921,-1.5393717528758315,0.4142276898498049,1.5393717528758315,-0.5752077344090151,1.0333014607140325,-1.7379109986843257,0.8114085891563937,1.7379109986843257,-0.8447100498704261,0.9220047559422486,-1.3376912450066458,0.7652717160497651,1.3376912450066458,-0.6872764719920137,0.8461049540474935,-0.5717299208773564,0.6641458887119915,0.5717299208773564,-0.5102508427594851,1.3295284427904817,-0.20490786479022063,0.07858707339129412,0.20490786479022063,-0.4081155161817759,1.1517557789463209,-0.005436154154764773,0.3744440284956559,0.005436154154764773,-0.5261998074419769,0.7140110899235604,0.6289478501751586,0.4581997990277288,-0.6289478501751586,-0.17221088895128922,0.8208509910601565,0.9442335711171891,0.43455622659173365,-0.9442335711171891,-0.25540721765189006
SR_48000:1.000108158626528,-1.9973965237623348,0.9973143934167729,1.9973965237623348,-0.9974225520433008,0.9773528780974013,-1.9130867895143824,0.9357716748577594,1.9130867895143824,-0.9131245529551607,1.0000842507085772,-1.99637100408758,0.9963403915916149,1.99637100408758,-0.9964246423001921,0.9981616918444689,-1.9729403597930053,0.9753890199483927,1.9729403597930053,-0.9735507117928613,1.1504253151323782,-1.5722570939485867,0.452634116287906,1.5722570939485867,-0.6030594314202842,1.0307874326459379,-1.7655730424278697,0.8256459256003947,1.7655730424278697,-0.8564333582463326,0.9274304478747881,-1.4084571176404777,0.7816004470121894,1.4084571176404777,-0.7090308948869777,0.8558023392101746,-0.7175638432702447,0.6853090564765657,0.7175638432702447,-0.5411113956867402,1.308790254699203,-0.37408786923486187,0.1365742820824007,0.37408786923486187,-0.44536453678160365,1.141774180325941,-0.20327673866094498,0.4155894047409127,0.20327673866094498,-0.5573635850668535,0.7297289670915265,0.465995898773244,0.4879769991512766,-0.465995898773244,-0.21770596624280308,0.8330507201202934,0.7951110109119789,0.47306194244885363,-0.7951110109119789,-0.306112662569147