SR_44100:0.999175,-1.993992,0.994868,1.993992,-0.994043,0.998952,-1.989133,0.990365,1.989133,-0.989317,0.997663,-1.957624,0.962776,1.957624,-0.960439,0.983180,-1.866996,0.903092,1.866996,-0.886272,1.020703,-0.981694,0.518337,0.981694,-0.539040,1.615779,0.444666,-1.151448,-0.444666,0.535669,0.957983,0.688292,-0.155108,-0.688292,0.197126,1.025843,0.735931,-0.116129,-0.735931,0.090286,0.985270,0.546570,0.109438,-0.546570,-0.094708,1.091064,0.707220,-0.022180,-0.707220,-0.068884,0.901138,0.408301,0.188328,-0.408301,-0.089466,1.015193,-0.309274,0.343839,0.309274,-0.359032,1.020207,-1.361035,0.640337,1.361035,-0.660544,0.999564,-1.997497,0.997941,1.997497,-0.997505,0.999553,-1.996636,0.997099,1.996636,-0.996652,0.999482,-1.995607,0.996154,1.995607,-0.995636,1.014190,-1.619510,0.747432,1.619510,-0.761622,0.988928,-1.816351,0.865828,1.816351,-0.854756,0.999377,-1.733572,0.811782,1.733572,-0.811159,0.989825,-1.907228,0.927991,1.907228,-0.917816,0.994732,-1.937773,0.948451,1.937773,-0.943183,0.998005,-1.967564,0.971232,1.967564,-0.969237,0.998424,-1.976800,0.979243,1.976800,-0.977666,0.998584,-1.983338,0.985192,1.983338,-0.983776,0.999360,-1.992583,0.993312,1.992583,-0.992672
SR_48000:0.999242,-1.994482,0.995284,1.994482,-0.994526,0.999037,-1.990025,0.991144,1.990025,-0.990181,0.997850,-1.961215,0.965745,1.961215,-0.963595,0.984475,-1.878679,0.910555,1.878679,-0.895030,1.019367,-1.084329,0.549404,1.084329,-0.568772,1.422422,0.819725,-0.475885,-0.819725,0.053463,0.963469,0.700423,-0.004290,-0.700423,0.040821,1.023015,0.692476,0.005988,-0.692476,-0.029003,0.986201,0.397887,0.165745,-0.397887,-0.151946,1.083914,0.583841,0.058078,-0.583841,-0.141991,0.906769,0.254983,0.234557,-0.254983,-0.141327,1.014294,-0.463961,0.382657,0.463961,-0.396951,1.018817,-1.426262,0.665063,1.426262,-0.683881,0.999599,-1.997700,0.998108,1.997700,-0.997707,0.999589,-1.996910,0.997335,1.996910,-0.996924,0.999524,-1.995965,0.996466,1.995965,-0.995990,1.013162,-1.657493,0.765722,1.657493,-0.778884,0.989768,-1.833143,0.876003,1.833143,-0.865770,0.999424,-1.759104,0.825753,1.759104,-0.825176,0.990620,-1.915273,0.933621,1.915273,-0.924241,0.995149,-1.943102,0.952530,1.943102,-0.947679,0.998164,-1.970287,0.973537,1.970287,-0.971701,0.998550,-1.978731,0.980912,1.978731,-0.979462,0.998698,-1.984714,0.986387,1.984714,-0.985084,0.999412,-1.993190,0.993853,1.993190,-0.993265
