SR_44100:1.00239689866637,-1.98829446485464,0.985982832111503,1.98829446485464,-0.988379730777878,0.992284276661897,-1.97023556028217,0.978425634031278,1.97023556028217,-0.970709910693174,1.19872558645689,-1.26009615175012,0.597579613681585,1.26009615175012,-0.796305200138473,0.651959846885101,-0.170437572196417,0.374362596959277,0.170437572196417,-0.0263224438443782,1.11235454134567,0.539392451913466,0.0660492928778795,-0.539392451913466,-0.178403834223547
SR_48000:1.00220318995939,-1.98924683186161,0.987115649074248,1.98924683186161,-0.989318839033639,0.992902739924772,-1.97265681426601,0.98015495378353,1.97265681426601,-0.973057693708302,1.18403510429015,-1.35117020870329,0.627327919444029,1.35117020870329,-0.811363023734184,0.667856731636659,-0.296857526539437,0.40293885634599,0.296857526539437,-0.0707955879826489,1.10503243284591,0.374859855443237,0.126914553232054,-0.374859855443237,-0.231946986077959
