SR_44100:0.999697200268259,-1.9737889686968,0.974830507670332,1.9737889686968,-0.974527707938591,1.00117483586095,-1.99209758335388,0.990981708026062,1.99209758335388,-0.992156543887009,0.999903903634148,-1.99569574088871,0.995846609874187,1.99569574088871,-0.995750513508335,1.00001266646344,-1.99867976667363,0.998674423467714,1.99867976667363,-0.998687089931149,1.00058682913189,-1.99627222754159,0.995693503050798,1.99627222754159,-0.996280332182689
SR_48000:0.999721514923813,-1.97594889631372,0.976851604363319,1.97594889631372,-0.976573119287132,1.00107972432487,-1.9927417443156,0.991711804570545,1.9927417443156,-0.992791528895417,0.99991169622272,-1.99604886863558,0.996183414082592,1.99604886863558,-0.996095110305312,1.00001163793397,-1.99878751763489,0.998782061604346,1.99878751763489,-0.998793699538315,1.00053923073126,-1.99657519663646,0.996042808080063,1.99657519663646,-0.996582038811326
