SR_44100:1.00011305598321,-1.99896673056396,0.998860998889712,1.99896673056396,-0.998974054872927,1.00311448207289,-1.99696065009646,0.99385427545959,1.99696065009646,-0.996968757532481,1.00103601005259,-1.99495113624412,0.993941368049882,1.99495113624412,-0.99497737810247,0.999503206114615,-1.99551081111237,0.996056235373691,1.99551081111237,-0.995559441488306,1.00430458184077,-1.9947633595164,0.990511439251503,1.9947633595164,-0.99481602109227,0.997718968054089,-1.97518086995767,0.977907059232383,1.97518086995767,-0.975626027286472,0.837048668462593,-0.533617254349949,0.449425552438972,0.533617254349949,-0.286474220901565,1.32086828390056,-0.176950583724308,-0.255326495272346,0.176950583724308,-0.0655417886282181,1.27197065648401,1.39191252060641,0.181498740691917,-1.39191252060641,-0.453469397175928
SR_48000:1.00010387451368,-1.99905119091041,0.998953499115653,1.99905119091041,-0.999057373629336,1.00286178268347,-1.99720785877622,0.994352920435729,1.99720785877622,-0.997214703119197,1.00095202842631,-1.9953623693658,0.994432496261364,1.9953623693658,-0.995384524687672,0.999543488278848,-1.99587844447743,0.996376012607368,1.99587844447743,-0.995919500886217,1.00395566708257,-1.99519175567222,0.991280549702107,1.99519175567222,-0.995236216784676,0.997902226709373,-1.97720810547325,0.979682011408562,1.97720810547325,-0.977584238117934,0.846046752801352,-0.659477363147662,0.479827975464171,0.659477363147662,-0.325874728265523,1.30355246632206,-0.309381346762127,-0.187582172494912,0.309381346762127,-0.115970293827146,1.2177740948984,1.35305946904105,0.344604402462449,-1.35305946904105,-0.56237849736085
