SR_44100:0.999950895642769,-1.99567745469652,0.995734661280137,1.99567745469652,-0.995685556922906,0.996778915449916,-1.98399961830432,0.987288445552603,1.98399961830432,-0.984067361002519,0.987805331863014,-1.97024571229155,0.982530152045607,1.97024571229155,-0.970335483908621,1.01867462473069,-1.99175795658267,0.973247090368866,1.99175795658267,-0.991921715099554,1.01888127496933,-1.99166491191766,0.972951047195881,1.99166491191766,-0.991832322165208,0.988117957830003,-1.93570052473066,0.94872423065571,1.93570052473066,-0.936842188485713,1.21856331862214,-0.0660474798381594,-0.237758456650583,0.0660474798381594,0.0191951380284391,2.09461072842492,0.501732175785987,-1.57068961105059,-0.501732175785987,0.476078882625675,0.707945784384144,-4.21152542165547E-14,-0.707945784384102,4.21152542165547E-14,0.999999999999958
SR_48000:0.99995487746445,-1.99602857036046,0.996080533197619,1.99602857036046,-0.996035410662069,0.997038712645731,-1.98529519227079,0.988313698428935,1.98529519227079,-0.985352411074666,0.988782633675198,-1.97263698169211,0.983930215899139,1.97263698169211,-0.972712849574338,1.01716293267013,-1.99243736963024,0.975412711454662,1.99243736963024,-0.992575644124796,1.01735291756368,-1.99235210183455,0.975140542735794,1.99235210183455,-0.992493460299473,0.989055342535031,-1.94085858945688,0.952769420971837,1.94085858945688,-0.941824763506869,1.20712526491673,-0.194842607525223,-0.172982959139171,0.194842607525223,-0.0341423057775626,1.72181117943151,0.88909636755087,-0.695171125149488,-0.88909636755087,-0.0266400542820258,0.707945784384145,-4.60618874333807E-14,-0.707945784384099,4.60618874333807E-14,0.999999999999954
