SR_44100:0.9741173406990949,-0.4397087322648522,0.8698013408992752,0.4397087322648522,-0.84391868159837,0.9577733637527441,-1.332245076297768,0.7530567904485128,1.332245076297768,-0.7108301542012569,0.9405059446617996,-0.9778366314429842,0.8618041928658036,0.9778366314429842,-0.8023101375276032,0.9808026029089695,-1.806430072677284,0.9034305041681353,1.806430072677284,-0.8842331070771048,0.9376105345976682,0.3792174695952242,0.7772838843032405,-0.3792174695952242,-0.7148944189009085,0.9113716048859367,-0.3502825844275041,0.8138911527872873,0.3502825844275041,-0.7252627576732241,1.026955226252171,-1.208501640839765,0.7860177612592396,1.208501640839765,-0.8129729875114106,0.9904005138201104,-1.961174215941992,0.9711101497914275,1.961174215941992,-0.9615106636115378,0.9593249900768197,-1.595646189961889,0.7621307688314507,1.595646189961889,-0.7214557589082703,0.8819606350918147,1.011357553097551,0.1741238754416466,-1.011357553097551,-0.05608451053346134,1.050769525611436,-0.6407596126527507,0.7030976010382737,0.6407596126527507,-0.7538671266497097,0.9987155218025661,-1.991568435001418,0.992860998743082,1.991568435001418,-0.991576520545648,1.420692212860182,0,0,0,0,0.9747231705820006,-1.485825047150339,0.9097675027538226,1.485825047150339,-0.8844906733358233,0.9610341806559031,0.8428848062234418,0.4396694680754109,-0.8428848062234418,-0.400703648731314,1.001322328861867,-1.909064915211335,0.9207815897972703,1.909064915211335,-0.9221039186591377,0.952672079177746,-0.8792126488203321,0.7038293944170412,0.8792126488203321,-0.6565014735947872,1.011531596197924,0.03792642985431506,0.7994544343350349,-0.03792642985431506,-0.8109860305329584
SR_48000:0.9760704107672084,-0.634305086725369,0.8796259536271203,0.634305086725369,-0.8556963643943287,0.9607500380891297,-1.405890817422945,0.7704645117292805,1.405890817422945,-0.7312145498184104,0.9449003291286243,-1.106065958262,0.8720116918301731,1.106065958262,-0.8169120209587973,0.9822794226020215,-1.827083354907828,0.9108594140623434,1.827083354907828,-0.8931388366643649,0.9420341768877661,0.1338707511578392,0.7930752750729674,-0.1338707511578392,-0.7351094519607336,0.9176652730541269,-0.5413359686136978,0.8271070902530823,0.5413359686136978,-0.7447723633072093,1.024951215982046,-1.307928379053834,0.801926461117629,1.307928379053834,-0.8268776770996752,0.9911666720117924,-1.964298148530065,0.9734159185564411,1.964298148530065,-0.9645825905682335,0.962207425969972,-1.633573880727792,0.7789873795880725,1.633573880727792,-0.7411948055580445,0.9063295462339466,1.083357370052678,0.3446237922230111,-1.083357370052678,-0.2509533384569576,1.047098272414532,-0.8043193157896953,0.724567249773997,0.8043193157896953,-0.7716655221885287,0.998819481761745,-1.992251452194922,0.9934387977907644,1.992251452194922,-0.9922582795525092,1.420692212860182,0,0,0,0,0.9766678986980043,-1.553329745580834,0.9167097371405016,1.553329745580834,-0.8933776358385058,0.9636323246257388,0.6468118919874544,0.4770309150343148,-0.6468118919874544,-0.4406632396600536,1.001218729845674,-1.91716361774738,0.926988025728669,1.91716361774738,-0.9282067555743428,0.9559166402072038,-1.005567620172408,0.7241333416061509,1.005567620172408,-0.6800499818133547,1.010673746575926,-0.1974205661382873,0.8143732655832084,0.1974205661382873,-0.8250470121591347
