SR_44100:1.00078196328952,-1.995305681871967,0.9945289030350327,1.995305681871967,-0.9953108663245529,0.9971490303414828,-1.975206201219284,0.9783411006577052,1.975206201219284,-0.975490130999188,0.9956042960575358,-1.962539914386329,0.967980662619376,1.962539914386329,-0.9635849586769119,1.021003349863506,-1.892226141550007,0.8846927694831085,1.892226141550007,-0.9056961193466145,0.9551092373922082,-1.66760916043976,0.8107218581279059,1.66760916043976,-0.7658310955201142,1.056558153175068,-1.649707839885416,0.785878132126037,1.649707839885416,-0.8424362853011047,0.9597497185327905,-1.422186541079878,0.8663710360287057,1.422186541079878,-0.8261207545614964,1.325071381398247,-0.6512904890839691,-0.02601513311760175,0.6512904890839691,-0.2990562482806455,0.9369876686429779,-0.7406949634190882,0.8073890329601915,0.7406949634190882,-0.7443767016031695,1.188296824187129,0.07488496049899999,0.3012759517958205,-0.07488496049899999,-0.4895727759829496,0.4306819300391727,0.1395969421011871,-0.08713998068061306,-0.1395969421011871,0.6564580506414404
SR_48000:1.000718565625299,-1.99568666074183,0.9949724721551643,1.99568666074183,-0.9956910377804632,0.9973780632234525,-1.977219227995694,0.9800810701175122,1.977219227995694,-0.9774591333409647,0.9959554718875698,-1.965610738849834,0.9705387096418698,1.965610738849834,-0.9664941815294397,1.019370519311279,-1.901611568563196,0.8936569190165999,1.901611568563196,-0.9130274383278784,0.9583639864161851,-1.698980357752383,0.8244452348702609,1.698980357752383,-0.782809221286446,1.052291990257881,-1.690134348880253,0.8020292742903702,1.690134348880253,-0.8543212645482513,0.9627586824952082,-1.493658982164945,0.876360649076565,1.493658982164945,-0.8391193315717733,1.306216723643478,-0.767613048362853,0.03349537839816502,0.767613048362853,-0.3397121020416429,0.9415078590672661,-0.8919263814094514,0.821205983231294,0.8919263814094514,-0.7627138422985601,1.176014148334724,-0.1238543822879934,0.3468539960959364,0.1238543822879934,-0.5228681444306605,0.4513568825223971,0.1025434716838358,-0.04766017382197647,-0.1025434716838358,0.5963032912995795
