SR_44100:1.00041402831495,-1.9965993989868,0.996193476641231,1.9965993989868,-0.996607504956182,1.00159478924001,-1.98909588730692,0.987569014774727,1.98909588730692,-0.989163804014733,0.985764107221854,-1.93454364167612,0.94918112020069,1.93454364167612,-0.934945227422544,0.951398260986256,-1.46952770007794,0.710183730902552,1.46952770007794,-0.661581991888808,0.916498259451399,-1.38892048205708,0.689406728481227,1.38892048205708,-0.605904987932626,1.14243393624519,-1.46377248363993,0.610824109393644,1.46377248363993,-0.753258045638833,1.143061544385,-1.43613402141552,0.600706060918246,1.43613402141552,-0.74376760530325,1.24835043393996,-1.08080831369844,0.425992027128929,1.08080831369844,-0.674342461068891,0.450155796048073,0.36597034502419,0.212303727027182,-0.36597034502419,0.337540476924745,0.484607863907154,0.241483910909198,-0.232444405916301,-0.241483910909198,0.747836542009147
SR_48000:1.00038044093664,-1.99687587243178,0.996502274700415,1.99687587243178,-0.996882715637054,1.00146585751313,-1.9899825091127,0.988574005498053,1.9899825091127,-0.990039863011183,0.986886161693056,-1.93973288033948,0.953186597917399,1.93973288033948,-0.940072759610455,0.954734820711878,-1.51992859101047,0.730079917971642,1.51992859101047,-0.68481473868352,0.922054653034486,-1.4453082331189,0.710074303186602,1.4453082331189,-0.632128956221088,1.13213965438524,-1.52315280672666,0.63895143927452,1.52315280672666,-0.771091093659756,1.13277010990727,-1.4985313408055,0.62943011411563,1.4985313408055,-0.762200224022903,1.23102795599139,-1.18419026852053,0.466029164550519,1.18419026852053,-0.697057120541905,0.473106417136425,0.286388233877297,0.245182347123151,-0.286388233877297,0.281711235740424,0.587217717911262,0.519737963003264,0.012923987784743,-0.519737963003264,0.399858294303995
