SR_44100:1.0010755921535612,-1.9963181190079184,0.9952464982129376,1.9963181190079184,-0.9963220903664987,0.9800030068546033,-1.9050253129625458,0.9257959841292611,1.9050253129625458,-0.9057989909838644,1.0145390277915369,-1.9429967818270801,0.9386974093352004,1.9429967818270801,-0.9532364371267373,1.0085769424708377,-1.9282677257702685,0.9399904259576023,1.9282677257702685,-0.9485673684284400,0.9632030516144654,-1.7245664939197538,0.8095971065120560,1.7245664939197538,-0.7728001581265211,1.0203572381952570,-1.7768700789877028,0.8769239769803199,1.7768700789877028,-0.8972812151755769,1.0733477445839628,-1.6804411131096564,0.8031464220821292,1.6804411131096564,-0.8764941666660919,1.0776546585188538,-1.1127641532140307,0.6798979538777078,1.1127641532140307,-0.7575526123965615,1.0627371111690744,-0.1963549066424317,0.4526668753739907,0.1963549066424317,-0.5154039865430651,0.6065109235550320,0.0184455893575327,-0.5866269996146070,-0.0184455893575327,0.9801160760595748
SR_48000:1.0009883479337267,-1.9966170629397708,0.9956320677371489,1.9966170629397708,-0.9966204156708754,0.9815573199260021,-1.9124654059948183,0.9315636648490360,1.9124654059948183,-0.9131209847750379,1.0133830544391311,-1.9482935854867507,0.9435714739740486,1.9482935854867507,-0.9569545284131795,1.0078965039556091,-1.9354721979618492,0.9447511930491083,1.9354721979618492,-0.9526476970047173,0.9658806302570428,-1.7482096404127339,0.8234520250163497,1.7482096404127339,-0.7893326552733927,1.0187809308087421,-1.8029990491732653,0.8864540341682344,1.8029990491732653,-0.9052349649769766,1.0677224931013904,-1.7191804050651793,0.8182436944974321,1.7191804050651793,-0.8859661875988226,1.0720321073904509,-1.2197100615476897,0.7030748006369019,1.2197100615476897,-0.7751069080273525,1.0586866076420054,-0.3781715231746644,0.4880044086213305,0.3781715231746644,-0.5466910162633359,0.6294568340966826,0.1111849107811711,-0.4941044789768171,-0.1111849107811711,0.8646476448801345
