SR_44100:1.017966369830283,-1.899884306856695,0.9013656206644288,1.899884306856695,-0.9193319904947117,0.9998379083137913,-1.996686944057757,0.9968685112817139,1.996686944057757,-0.9967064195955051,1.051822356174791,-1.433839500161947,0.6511698028197725,1.433839500161947,-0.702992158994563,0.6683439175686147,0,0,0,0,0.9976044360386292,-1.984527675271879,0.9872380047487811,1.984527675271879,-0.9848424407874102,0.9748902241139508,-1.7197233497349,0.8170945023331923,1.7197233497349,-0.791984726447143,0.9991710742897041,-1.992795949472753,0.9937026274201117,1.992795949472753,-0.9928737017098158,0.687459137159696,0.5450386232162471,0.1498554842334932,-0.5450386232162471,0.1626853786068108,0.9962598388526491,-1.969833574396275,0.9748239708338284,1.969833574396275,-0.9710838096864775,1.003983409964644,-1.949491486333757,0.9504652389484738,1.949491486333757,-0.9544486489131178,1.033979880008551,-0.6028575694621979,0.4090571556113256,0.6028575694621979,-0.4430370356198766
SR_48000:1.016560536080583,-1.909169954208793,0.9090835704038903,1.909169954208793,-0.9256441064844728,0.9998510583376581,-1.996957176593582,0.9971225597918393,1.996957176593582,-0.9969736181294975,1.04817749517258,-1.492925463347214,0.6757043411145411,1.492925463347214,-0.7238818362871213,0.6683439175686147,0,0,0,0,0.9977977202194215,-1.985799557578386,0.9882676962273571,1.985799557578386,-0.9860654164467787,0.9767356048999415,-1.745690983677095,0.830536688857602,1.745690983677095,-0.8072722937575436,0.9992382040207411,-1.993385168090459,0.9942126139270794,1.993385168090459,-0.9934508179478209,0.7066282250911547,0.454312837555691,0.2019974500202276,-0.454312837555691,0.09137432488861755,0.9965596900111523,-1.972345455356825,0.9768423495117988,1.972345455356825,-0.973402039522951,1.003666523985635,-1.953879941109129,0.9544058002741,1.953879941109129,-0.9580723242597349,1.031889390719239,-0.738651084365309,0.4454127780113785,0.738651084365309,-0.4773021687306178
