SR_44100:0.9983506958635365,-1.987219661035987,0.9888980905078262,1.987219661035987,-0.9872487863713627,0.9922127604652621,-1.955618233545892,0.9638344665615001,1.955618233545892,-0.9560472270267621,1.025460031068765,-1.884547419291172,0.8719273059511277,1.884547419291172,-0.8973873370198929,0.9540842620808717,-1.663711395823025,0.8064001355479269,1.663711395823025,-0.7604843976287985,1.063999019350554,-1.646742115151534,0.7757772956439319,1.646742115151534,-0.8397763149944858,0.9618855288069369,-1.417759324251132,0.8688894738419202,1.417759324251132,-0.8307750026488571,1.27747095734644,-0.7193747912608519,0.07881000552668516,0.7193747912608519,-0.3562809628731254,0.940542368187557,-0.7440785062502888,0.8123352792346732,0.7440785062502888,-0.75287764742223,1.22430264746405,0.07901666423860434,0.2553261914191136,-0.07901666423860434,-0.4796288388831639,0.4441510350054102,0.1466753800415266,-0.07873537223216748,-0.1466753800415266,0.6345843372267573
SR_48000:0.9984839167577304,-1.988254155423065,0.9897948361577691,1.988254155423065,-0.9882787529154994,0.9928326914639023,-1.959183480510786,0.9667135529387548,1.959183480510786,-0.959546244402657,1.023488563376839,-1.894447530271981,0.8818444650407368,1.894447530271981,-0.9053330284175755,0.9574041510134945,-1.695193325810612,0.8203981692609814,1.695193325810612,-0.7778023202744759,1.059177509873191,-1.687380291830287,0.7926696153241944,1.687380291830287,-0.8518471251973848,0.9647414935391022,-1.490251104769251,0.8787137486383986,1.490251104769251,-0.8434552421775007,1.260965260145871,-0.8342612805485786,0.1336081121767665,0.8342612805485786,-0.3945733723226378,0.9448264549595174,-0.8957590675707389,0.8258570412572594,0.8957590675707389,-0.770683496216777,1.209667904839968,-0.1187541750189189,0.3039128204700388,0.1187541750189189,-0.513580725310007,0.4647248708803691,0.1061372682865108,-0.03880775538208763,-0.1061372682865108,0.5740828845017184
