SR_44100:0.997879360751334,-1.99353866449684,0.995667397288651,1.99353866449684,-0.993546758039985,0.990759105434889,-1.9718143370598,0.981120256605042,1.9718143370598,-0.97187936203993,0.984671698058395,-1.94999979724857,0.965867057327168,1.94999979724857,-0.950538755385562,1.00428131734056,-1.90723339949902,0.90696666382592,1.90723339949902,-0.911247981166482
SR_48000:0.998051151826327,-1.99406269579263,0.996018377530939,1.99406269579263,-0.994069529357266,0.991500221655309,-1.97407967597129,0.982634404826167,1.97407967597129,-0.974134626481476,0.985888793052434,-1.95401021330863,0.968577274924472,1.95401021330863,-0.954466067976906,1.00394762963886,-1.91476418629722,0.914217721773727,1.91476418629722,-0.91816535141259
