SR_44100:1.00428131734056,-1.90723339949902,0.90696666382592,1.90723339949902,-0.911247981166482,0.989776268269485,-1.95696646233302,0.967731077708851,1.95696646233302,-0.957507345978336,0.993984762382026,-1.97635588401529,0.982436296381045,1.97635588401529,-0.976421058763071,0.99876010054357,-1.99477338746196,0.996021385474365,1.99477338746196,-0.994781486017936
SR_48000:1.00394762963886,-1.91476418629722,0.914217721773727,1.91476418629722,-0.91816535141259,0.990590720300074,-1.96043508012374,0.970301713361047,1.96043508012374,-0.960892433661121,0.994468203969637,-1.97826101937436,0.983847882306845,1.97826101937436,-0.978316086276482,0.998860600849682,-1.99519763629079,0.996343872895142,1.99519763629079,-0.995204473744824
