SR_44100:0.995878973346332,-1.98995458718146,0.994096296164286,1.98995458718146,-0.989975269510618,1.01184477460578,-1.99481039409467,0.983031402815355,1.99481039409467,-0.99487617742113,1.01205203670657,-1.99471841112079,0.982734483100364,1.99471841112079,-0.994786519806937,0.794328234724284,-2.31181544417986E-14,-0.794328234724261,2.31181544417986E-14,0.999999999999977,1.03976880493591,-1.90850653440347,0.890336415083669,1.90850653440347,-0.930105220019579,1.14407470037055,-1.68352519187887,0.694598394264921,1.68352519187887,-0.838673094635476,1.88506105039417,0.760240737059838,-0.478848210059522,-0.760240737059838,-0.406212840334651
SR_48000:0.996212264324779,-1.99076856165596,0.994573762435006,1.99076856165596,-0.990786026759785,1.01088464947808,-1.99523596974074,0.984406859679742,1.99523596974074,-0.995291509157827,1.0110751513722,-1.99515159880955,0.98413395031576,1.99515159880955,-0.995209101687961,0.794328234724284,-2.55609083171321E-14,-0.794328234724258,2.55609083171321E-14,0.999999999999974,1.03664080513636,-1.91731402465888,0.898961961468293,1.91731402465888,-0.935602766604657,1.13321868378818,-1.71870837501867,0.717610379628187,1.71870837501867,-0.850829063416366,1.81121501169578,0.563074003193005,-0.355458888949455,-0.563074003193005,-0.455756122746329
