SR_44100:0.999091927550248,-1.99069436394183,0.991620620958588,1.99069436394183,-0.990712548508836,0.958845325719979,-1.80440888646453,0.846371517524862,1.80440888646453,-0.805216843244841,1.14040156987838,-1.75306616824994,0.646448073268806,1.75306616824994,-0.786849643147189,0.611527475947319,-0.873906555053172,0.417866017410682,0.873906555053172,-0.0293934933580011,0.876669192983884,-0.776128658783222,0.504861971800204,0.776128658783222,-0.381531164784088,1.1027057689757,-0.356720294131768,0.585869708137064,0.356720294131768,-0.688575477112767,0.787962335005589,0.16964454964884,0.696238903228378,-0.16964454964884,-0.484201238233967,2.86216232037765,-0.00329734041006245,-1.9364342862495,0.00329734041006245,0.0742719658718504,0.776672412373293,0.962082437910023,0.677314333669447,-0.962082437910023,-0.453986746042741
SR_48000:0.99916539363161,-1.99144857880508,0.992298540592187,1.99144857880508,-0.991463934223797,0.96188823818864,-1.81893135971672,0.857730568059057,1.81893135971672,-0.819618806247697,1.13009484146171,-1.77371619400353,0.672401940402666,1.77371619400353,-0.802496781864379,0.628718553232566,-0.935068170926994,0.443627196555759,0.935068170926994,-0.0723457497883243,0.883885087698755,-0.886706662297134,0.533831731807953,0.886706662297134,-0.417716819506708,1.09548897471263,-0.543231773523791,0.614969272302613,0.543231773523791,-0.710458247015245,0.801111220220783,-0.0339352640654323,0.715075744288653,0.0339352640654323,-0.516186964509436,2.74199672989572,-0.129880211795683,-1.74694577815479,0.129880211795683,0.00494904825906579,0.790579956029682,0.760798629382701,0.697409320766539,-0.760798629382701,-0.487989276796221
