SR_44100:1.001619,-1.995197,0.993610,1.995197,-0.995229,1.001866,-1.993489,0.991752,1.993489,-0.993618,1.002632,-1.994509,0.992079,1.994509,-0.994711,0.991354,-1.958701,0.969137,1.958701,-0.960492,1.012604,-1.919251,0.926293,1.919251,-0.938897,1.089195,-1.537541,0.551317,1.537541,-0.640513,1.108305,-1.346127,0.490509,1.346127,-0.598814,0.720815,-0.392905,0.003372,0.392905,0.275813,0.874040,-0.590983,0.704183,0.590983,-0.578222
SR_48000:1.001488,-1.995589,0.994128,1.995589,-0.995616,1.001715,-1.994026,0.992420,1.994026,-0.994135,1.002419,-1.994969,0.992721,1.994969,-0.995140,0.992044,-1.962130,0.971599,1.962130,-0.963644,1.011608,-1.927093,0.932114,1.927093,-0.943722,1.083126,-1.576615,0.581850,1.576615,-0.664975,1.101085,-1.407776,0.524475,1.407776,-0.625560,0.730765,-0.468538,0.038893,0.468538,0.230342,0.882297,-0.741925,0.723574,0.741925,-0.605871
