SR_44100:1.001596,-1.996629,0.995042,1.996629,-0.996639,0.989741,-1.953601,0.964058,1.953601,-0.953799,1.002540,-1.943749,0.944803,1.943749,-0.947343,1.046589,-1.614525,0.727546,1.614525,-0.774135,0.952969,-1.301629,0.849086,1.301629,-0.802055,1.074367,-0.667066,0.409639,0.667066,-0.484006,0.925271,-0.714581,0.840072,0.714581,-0.765342,0.934040,0.059912,0.715358,-0.059912,-0.649398
SR_48000:1.001467,-1.996903,0.995444,1.996903,-0.996911,0.990557,-1.957306,0.966916,1.957306,-0.957473,1.002339,-1.948478,0.949179,1.948478,-0.951518,1.043192,-1.654301,0.747410,1.654301,-0.790603,0.956443,-1.387569,0.860232,1.387569,-0.816675,1.069682,-0.800352,0.446836,0.800352,-0.516518,0.930687,-0.870895,0.851664,0.870895,-0.782351,0.938560,-0.157483,0.734861,0.157483,-0.673420
