SR_44100:1.03748229564531,-1.9941416458918,0.957469220620559,1.9941416458918,-0.994951516265869,0.98552765893212,-1.96434618135015,0.979267201439197,1.96434618135015,-0.964794860371318,0.99058266389541,-1.97690276255588,0.986508904708639,1.97690276255588,-0.977091568604048,0.99347212106056,-1.98403000706931,0.990648285688823,1.98403000706931,-0.984120406749383,0.995409864006031,-1.98878953232109,0.993424259110307,1.98878953232109,-0.988834123116338,0.996966698983789,-1.99260181436656,0.995654551074465,1.99260181436656,-0.992621250058254,0.996257316048704,-1.9920024433554,0.995753214612951,1.9920024433554,-0.992010530661655
SR_48000:1.03444389458254,-1.99467699766812,0.960916863382082,1.99467699766812,-0.995360757964625,0.986684498864258,-1.96722969167217,0.980924468163883,1.96722969167217,-0.967608967028141,0.991339764449855,-1.97877375657422,0.987593512458827,1.97877375657422,-0.978933276908682,0.993998640256293,-1.98532485139876,0.99140256700187,1.98532485139876,-0.985401207258163,0.99578089890745,-1.98969903924617,0.993955796601999,1.98969903924617,-0.989736695509449,0.997212319107265,-1.99320233024401,0.996006421757904,1.99320233024401,-0.993218740865169,0.996560292715124,-1.99265046314283,0.996096999152686,1.99265046314283,-0.99265729186781
