SR_44100:0.999210,-1.994866,0.995664,1.994866,-0.994874,0.998973,-1.988981,0.990052,1.988981,-0.989025,0.994480,-1.974927,0.980662,1.974927,-0.975142,0.997013,-1.870522,0.896201,1.870522,-0.893214,1.044131,-1.771664,0.804968,1.771664,-0.849099,0.969837,-1.577269,0.749268,1.577269,-0.719105,1.025802,-1.406986,0.654562,1.406986,-0.680364,0.949698,-1.235185,0.801490,1.235185,-0.751188,0.969043,-1.056065,0.774504,1.056065,-0.743547,0.870605,-0.718962,0.723081,0.718962,-0.593686,1.035392,-0.736023,0.843586,0.736023,-0.878978,1.048929,-0.435225,0.746820,0.435225,-0.795749,0.931326,-0.006165,0.799482,0.006165,-0.730808,1.229417,0.656130,-0.544271,-0.656130,0.314853
SR_48000:0.999274,-1.995283,0.996016,1.995283,-0.995290,0.999056,-1.989875,0.990856,1.989875,-0.989912,0.994924,-1.976957,0.982215,1.976957,-0.977139,0.997244,-1.882221,0.904221,1.882221,-0.901465,1.040792,-1.794677,0.819724,1.794677,-0.860516,0.971972,-1.617617,0.767018,1.617617,-0.738990,1.024010,-1.467738,0.678560,1.467738,-0.702570,0.953318,-1.325486,0.815778,1.325486,-0.769096,0.971264,-1.168944,0.790680,1.168944,-0.761944,0.879154,-0.857552,0.741378,0.857552,-0.620533,1.032674,-0.901006,0.855598,0.901006,-0.888272,1.045316,-0.625247,0.765514,0.625247,-0.810830,0.936224,-0.228422,0.813782,0.228422,-0.750006,1.162233,0.926821,-0.092032,-0.926821,-0.070201
