SR_44100:1.000139,-1.998113,0.997982,1.998113,-0.998121,1.002226,-1.992349,0.990164,1.992349,-0.992390,0.991956,-1.972883,0.981109,1.972883,-0.973066,0.997013,-1.870522,0.896201,1.870522,-0.893214,1.044131,-1.771664,0.804968,1.771664,-0.849099,0.969837,-1.577269,0.749268,1.577269,-0.719105,1.025802,-1.406986,0.654562,1.406986,-0.680364,0.949698,-1.235185,0.801490,1.235185,-0.751188,0.969043,-1.056065,0.774504,1.056065,-0.743547,0.870605,-0.718962,0.723081,0.718962,-0.593686,1.035392,-0.736023,0.843586,0.736023,-0.878978,1.048929,-0.435225,0.746820,0.435225,-0.795749,0.931326,-0.006165,0.799482,0.006165,-0.730808,1.229417,0.656130,-0.544271,-0.656130,0.314853,1.195364,-0.000000,-1.195364,0.000000,1.000000
SR_48000:1.000128,-1.998267,0.998146,1.998267,-0.998274,1.002045,-1.992971,0.990961,1.992971,-0.993006,0.992602,-1.975072,0.982625,1.975072,-0.975227,0.997244,-1.882221,0.904221,1.882221,-0.901465,1.040792,-1.794677,0.819724,1.794677,-0.860516,0.971972,-1.617617,0.767018,1.617617,-0.738990,1.024010,-1.467738,0.678560,1.467738,-0.702570,0.953318,-1.325486,0.815778,1.325486,-0.769096,0.971264,-1.168944,0.790680,1.168944,-0.761944,0.879154,-0.857552,0.741378,0.857552,-0.620533,1.032674,-0.901006,0.855598,0.901006,-0.888272,1.045316,-0.625247,0.765514,0.625247,-0.810830,0.936224,-0.228422,0.813782,0.228422,-0.750006,1.162233,0.926821,-0.092032,-0.926821,-0.070201,1.195364,-0.000000,-1.195364,0.000000,1.000000
