SR_44100:1.001320,-1.994052,0.992755,1.994052,-0.994075,1.016259,-1.992894,0.976707,1.992894,-0.992967,0.970185,-1.927315,0.957288,1.927315,-0.927473,0.990578,-1.882003,0.908745,1.882003,-0.899323,1.025329,-1.768809,0.815501,1.768809,-0.840830,0.851637,-0.212265,0.607033,0.212265,-0.458670
SR_48000:1.001213,-1.994536,0.993342,1.994536,-0.994555,1.014942,-1.993475,0.978594,1.993475,-0.993536,0.972527,-1.933035,0.960642,1.933035,-0.933169,0.991308,-1.892441,0.915816,1.892441,-0.907125,1.023420,-1.791570,0.829402,1.791570,-0.852822,0.860749,-0.386137,0.631169,0.386137,-0.491918
