SR_44100:0.999639,-1.997586,0.997955,1.997586,-0.997594,1.012467,-1.994534,0.982141,1.994534,-0.994607,0.986984,-1.962323,0.975533,1.962323,-0.962517,0.984434,-1.862393,0.899044,1.862393,-0.883478,1.056791,-1.786938,0.804643,1.786938,-0.861434,0.972965,-1.526947,0.880523,1.526947,-0.853488,0.891259,-1.176303,0.667609,1.176303,-0.558868,1.017329,-1.023069,0.868351,1.023069,-0.885680,0.946771,-0.281284,0.746318,0.281284,-0.693089,0.863771,0.151798,0.274263,-0.151798,-0.138035
SR_48000:0.999668,-1.997783,0.998121,1.997783,-0.997790,1.011456,-1.994983,0.983588,1.994983,-0.995044,0.988023,-1.965346,0.977487,1.965346,-0.965510,0.985631,-1.874551,0.906808,1.874551,-0.892439,1.052468,-1.808677,0.819514,1.808677,-0.871982,0.975014,-1.585987,0.889577,1.585987,-0.864591,0.898304,-1.256391,0.689145,1.256391,-0.587449,1.015994,-1.153289,0.878490,1.153289,-0.894484,0.950495,-0.475438,0.764068,0.475438,-0.714564,0.871055,-0.005580,0.313067,0.005580,-0.184122
