SR_44100:0.998166848271161,-1.96982783988703,0.972316168158015,1.96982783988703,-0.970483016429176,1.00644212907529,-1.99496323823363,0.988565838374708,1.99496323823363,-0.995007967449993,0.999744541109991,-1.99601905900618,0.996317386632549,1.99601905900618,-0.99606192774254,1.00272273506698,-1.99722042207791,0.994505795501593,1.99722042207791,-0.997228530568577,1.00008535118939,-1.99894145571866,0.998863428745633,1.99894145571866,-0.998948779935019
SR_48000:0.998313772388567,-1.97229505016457,0.974534982070589,1.97229505016457,-0.972848754459157,1.00591990568578,-1.99537487683936,0.98949273483554,1.99537487683936,-0.995412640521321,0.999765259596718,-1.99634512590662,0.996616057687494,1.99634512590662,-0.996381317284212,1.0025017944238,-1.99744658067777,0.994951631415035,1.99744658067777,-0.997453425838837,1.00007841975401,-1.99902796767345,0.99895573056653,1.99902796767345,-0.999034150320543
