SR_44100:1.00001370059195,-1.99887297066123,0.998866594034705,1.99887297066123,-0.998880294626659,1.00098080140923,-1.99558815391014,0.994615454364749,1.99558815391014,-0.99559625577398,1.00124931221714,-1.99265777950114,0.991461073272749,1.99265777950114,-0.992710385489884,0.999913944632436,-1.99570598049149,0.995846808759711,1.99570598049149,-0.995760753392147,0.999627295609474,-1.97904742787204,0.979890435125165,1.97904742787204,-0.979517730734639
SR_48000:1.00001258799143,-1.99896504144158,0.998958635902631,1.99896504144158,-0.998971223894058,1.00090127249242,-1.99594649620327,0.995052063731193,1.99594649620327,-0.995953336223613,1.00114814545431,-1.99325626566749,0.992152538194924,1.99325626566749,-0.993300683649234,0.99992092301533,-1.99605827955567,0.99618359842809,1.99605827955567,-0.99610452144342,0.999657292957014,-1.98076894263394,0.981508966115853,1.98076894263394,-0.981166259072867
