SR_44100:0.99604352599746,-1.97329128200262,0.977692487467176,1.97329128200262,-0.973736013464636,1.00824987670065,-1.99637855716889,0.988181384685193,1.99637855716889,-0.996431261385839,0.999257010522575,-1.99522666008401,0.996018273012634,1.99522666008401,-0.995275283535209,1.00103740573144,-1.99495228969391,0.993941125835993,1.99495228969391,-0.99497853156743,1.00565286721233,-1.99789548980662,0.992250733825654,1.99789548980662,-0.997903601037982,1.0001133182643,-1.99896696664736,0.998860972692893,1.99896696664736,-0.998974290957188
SR_48000:0.996361110390094,-1.97546841018222,0.979483101487229,1.97546841018222,-0.975844211877323,1.00758067222176,-1.99667625222999,0.989140074201394,1.99667625222999,-0.996720746423157,0.999317247390974,-1.99561728250485,0.996341086150407,1.99561728250485,-0.995658333541381,1.00095331092318,-1.99536342953244,0.994432273942908,1.99536342953244,-0.995385584866084,1.00519401386427,-1.99806692220652,0.992879755629201,1.99806692220652,-0.998073769493468,1.00010411549347,-1.99905140783024,0.99895347505636,1.99905140783024,-0.99905759054983
