SR_44100:0.998994389946967,-1.97068553821287,0.972346610083648,1.97068553821287,-0.971341000030615,1.00323306318006,-1.99321164600011,0.990023272763835,1.99321164600011,-0.993256335943892,0.999885896225821,-1.99600407247412,0.99616485346194,1.99600407247412,-0.996050749687761,1.00123505912133,-1.99678440138376,0.995557448982896,1.99678440138376,-0.996792508104228,1.00005658715514,-1.99891450453472,0.998865241497189,1.99891450453472,-0.998921828652325
SR_48000:0.999075020230465,-1.97308496597051,0.974563871796479,1.97308496597051,-0.973638892026944,1.00297119030316,-1.99376482859036,0.990831371498017,1.99376482859036,-0.993802561801178,0.999895150338814,-1.99633163750911,0.99647589382554,1.99633163750911,-0.996371044164354,1.00113485840761,-1.99704588908748,0.995917874467776,1.99704588908748,-0.997052732875386,1.00005199172591,-1.99900320411696,0.998957394961552,1.99900320411696,-0.999009386687466
