SR_44100:0.999379779354209,-1.98002064787922,0.98105766442794,1.98002064787922,-0.980437443782149,1.00169657648119,-1.99253470169329,0.990897098682708,1.99253470169329,-0.992593675163901,0.999904381786833,-1.99569622904803,0.995846619894223,1.99569622904803,-0.995751001681055,1.00001343961421,-1.99887271295519,0.998866597305461,1.99887271295519,-0.998880036919676,1.00124943693753,-1.99580089031748,0.994559556107476,1.99580089031748,-0.995808993045006
SR_48000:0.999429719475713,-1.98166051956973,0.982582899917058,1.98166051956973,-0.982012619392771,1.00155919853677,-1.99314359749986,0.991634193582391,1.99314359749986,-0.993193392119166,0.999912135603079,-1.99604931728875,0.996183423365792,1.99604931728875,-0.996095558968871,1.00001234820735,-1.99896480465248,0.998958638896873,1.99896480465248,-0.998970987104223,1.0011481156108,-1.9961420161543,0.995000741233882,1.9961420161543,-0.996148856844676
