SR_44100:1.001633640093639,-1.9944057887032849,0.9927802456732132,1.9944057887032849,-0.9944138857668523,0.9896500421590068,-1.9435757229225907,0.9542591093377762,1.9435757229225907,-0.9439091514967831,0.9930925328734735,-1.8245097965535944,0.8798724930681465,1.8245097965535944,-0.8729650259416201,0.8771918353549286,-0.780612736810554,0.5616029528508172,0.780612736810554,-0.4387947882057457,1.175046596321458,0.3908513808526862,-0.22473383942335387,-0.3908513808526862,0.04968724310189595
SR_48000:1.0015012474165796,-1.994859756661592,0.9933653455411443,1.994859756661592,-0.994866592957724,0.9904692864973548,-1.9480668953234201,0.95787970048237,1.9480668953234201,-0.9483489869797248,0.9936210537461544,-1.841543848833734,0.8890639801405604,1.841543848833734,-0.8826850338867148,0.8846255592248665,-0.896562650988987,0.5881396461018059,0.896562650988987,-0.47276520532667243,1.1638263594714644,0.2633732794191312,-0.14623014928992004,-0.2633732794191312,-0.017596210181544315