SR_44100:0.9997738535859914,-1.9964841238339721,0.9967209897852446,1.9964841238339721,-0.9964948433712358,0.9985914795928525,-1.9794450882699983,0.9811429506319259,1.9794450882699983,-0.9797344302247786,0.997833302821658,-1.9538128113665365,0.9581410501142119,1.9538128113665365,-0.9559743529358699,1.012106603987202,-1.7884017936568406,0.8594428821720859,1.7884017936568406,-0.8715494861592878,0.9741714235693033,-1.2671271716324537,0.7001314105479572,1.2671271716324537,-0.6743028341172606,1.1697475322649065,-0.984401736391763,0.3301153803489724,0.984401736391763,-0.49986291261387894,1.088678790411081,-0.3013494536630293,-0.029556695322948266,0.3013494536630293,-0.059122095088132806,0.5756687704415034,0.5641366051289808,0.29098509190358807,-0.5641366051289808,0.1333461376549085
SR_48000:0.999792198396207,-1.9967701291122193,0.996986980384074,1.9967701291122193,-0.9967791787802811,0.998704856495149,-1.9811212430713157,0.9826608227429372,1.9811212430713157,-0.981365679238086,0.9980057873840283,-1.9576512263212236,0.9614733213353599,1.9576512263212236,-0.9594791087193884,1.0111807756960365,-1.810736796950503,0.8701917062310334,1.810736796950503,-0.8813724819270695,0.9759584157309087,-1.3461910824649317,0.7208783077027547,1.3461910824649317,-0.6968367234336635,1.158958973591478,-1.0830400125527313,0.37269090075332156,1.0830400125527313,-0.5316498743447995,1.0841787419357687,-0.42357981707401116,0.022688661380257658,0.42357981707401116,-0.10686740331602626,0.5977651780272418,0.4628355749499568,0.32790597187267223,-0.4628355749499568,0.074328850100086