SR_44100:1.00368448825547,-1.95016425372605,0.946576757899051,1.95016425372605,-0.950261246154525,0.971363858224339,-1.91924913806374,0.94815196934504,1.91924913806374,-0.919515827569379,0.992396364628948,-1.95489781976933,0.963762153054942,1.95489781976933,-0.95615851768389,0.997880286156229,-1.92871287959903,0.93860359612885,1.92871287959903,-0.936483882285078,1.02941770008305,-1.85189329047778,0.873050845762264,1.85189329047778,-0.902468545845319,0.84078247966964,-1.09194137916675,0.70071295061747,1.09194137916675,-0.54149543028711,1.0223425359709,-1.04861336767091,0.814276957397488,1.04861336767091,-0.836619493368391,0.953841584265061,-0.470742683825286,0.700629567018179,0.470742683825286,-0.65447115128324,1.0061148243751,0.239242026677453,0.787490578262336,-0.239242026677453,-0.793605402637435,1.51356124843619,-6.15799634118878E-14,-1.51356124843613,6.15799634118878E-14,0.999999999999938
SR_48000:1.00339197030422,-1.95412805526787,0.950818122301638,1.95412805526787,-0.954210092605862,0.973604309048069,-1.92558694191644,0.952208485194827,1.92558694191644,-0.925812794242896,0.993001713356487,-1.958582798827,0.966647159169317,1.958582798827,-0.959648872525804,0.998047490479423,-1.93491689946807,0.943446581980922,1.93491689946807,-0.941494072460345,1.02713409184228,-1.86714930528741,0.88290552964162,1.86714930528741,-0.910039621483903,0.8509762639293,-1.18102819842648,0.71987458312365,1.18102819842648,-0.57085084705295,1.02066199936165,-1.1710632607096,0.828246471542276,1.1710632607096,-0.848908470903924,0.957006995849404,-0.642206526774521,0.721159531521552,0.642206526774521,-0.678166527370955,1.00566342674488,-0.00852393318272611,0.803178068775126,0.00852393318272611,-0.808841495520005,1.51356124843619,-6.73506404174833E-14,-1.51356124843612,6.73506404174833E-14,0.999999999999933
