SR_44100:1.006678,-1.986766,0.980744,1.986766,-0.987423,1.007062,-1.952296,0.950199,1.952296,-0.957260,1.028372,-1.602107,0.732117,1.602107,-0.760489,1.063385,-1.174307,0.725822,1.174307,-0.789207,1.008435,-1.981517,0.973245,1.981517,-0.981680,1.002888,-1.990223,0.987626,1.990223,-0.990514,1.041210,-1.130043,0.554074,1.130043,-0.595284,1.002537,-1.991521,0.989793,1.991521,-0.992330,1.012223,-1.915258,0.947621,1.915258,-0.959844,1.050399,-0.503447,0.719016,0.503447,-0.769415
SR_48000:1.006139,-1.987884,0.982300,1.987884,-0.988439,1.006499,-1.956467,0.954166,1.956467,-0.960665,1.026318,-1.642498,0.751509,1.642498,-0.777827,1.058725,-1.276120,0.745980,1.276120,-0.804706,1.007756,-1.983019,0.975401,1.983019,-0.983156,1.002654,-1.991036,0.988627,1.991036,-0.991281,1.038470,-1.219631,0.583726,1.219631,-0.622196,1.002332,-1.992268,0.990619,1.992268,-0.992951,1.011248,-1.925327,0.951798,1.925327,-0.963047,1.046726,-0.683558,0.739498,0.683558,-0.786223
