SR_44100:0.707946,-0.000000,-0.707946,0.000000,1.000000,0.992900,-1.859807,0.891653,1.859807,-0.884553,0.858489,-0.813423,0.772384,0.813423,-0.630873,0.800149,0.295010,0.662932,-0.295010,-0.463081,0.954707,-0.632623,0.842306,0.632623,-0.797013,0.962071,-0.461349,0.832376,0.461349,-0.794447,1.000654,-1.997700,0.997055,1.997700,-0.997708,1.001512,-1.994442,0.992961,1.994442,-0.994473,0.999795,-1.988955,0.989387,1.988955,-0.989181,1.117692,-1.521941,0.548011,1.521941,-0.665704,1.320673,-0.933867,0.063539,0.933867,-0.384212,1.876565,0.348890,-0.830432,-0.348890,-0.046133
SR_48000:0.707946,-0.000000,-0.707946,0.000000,1.000000,0.993446,-1.872442,0.899990,1.872442,-0.893436,0.868024,-0.944957,0.787722,0.944957,-0.655746,0.812448,0.088078,0.683675,-0.088078,-0.496122,0.958045,-0.801415,0.853928,0.801415,-0.811973,0.964864,-0.648496,0.844718,0.648496,-0.809582,1.000600,-1.997888,0.997294,1.997888,-0.997894,1.001389,-1.994895,0.993531,1.994895,-0.994921,0.999811,-1.989865,0.990245,1.989865,-0.990056,1.109568,-1.565468,0.579213,1.565468,-0.688781,1.301409,-1.027358,0.119794,1.027358,-0.421203,1.812981,0.204902,-0.697658,-0.204902,-0.115324
