SR_44100:1.038407,-1.204408,0.781804,1.204408,-0.820211,0.954713,-0.953710,0.863708,0.953710,-0.818421,0.925414,0.343318,0.777246,-0.343318,-0.702660,0.990783,-1.446227,0.833393,1.446227,-0.824176,0.630957,-0.000000,-0.630957,0.000000,1.000000,1.009487,-0.809903,0.792286,0.809903,-0.801773,1.207056,-1.464757,0.511564,1.464757,-0.718621,0.995020,-1.853001,0.885657,1.853001,-0.880677,1.104954,-1.016359,0.596766,1.016359,-0.701720,0.924125,-1.365796,0.678383,1.365796,-0.602508,1.027775,-1.612523,0.737070,1.612523,-0.764846,1.421871,-0.312305,-0.049548,0.312305,-0.372323,3.222735,0.132880,-3.083978,-0.132880,0.861243,1.051047,-1.802016,0.774401,1.802016,-0.825448
SR_48000:1.035541,-1.305029,0.798086,1.305029,-0.833628,0.958086,-1.086467,0.873859,1.086467,-0.831945,0.930665,0.101469,0.792930,-0.101469,-0.723595,0.991472,-1.514177,0.845840,1.514177,-0.837312,0.630957,-0.000000,-0.630957,0.000000,1.000000,1.008786,-0.958633,0.807645,0.958633,-0.816431,1.192334,-1.520987,0.546292,1.520987,-0.738627,0.995403,-1.866357,0.894438,1.866357,-0.889841,1.097558,-1.130361,0.625182,1.130361,-0.722740,0.929166,-1.425009,0.699750,1.425009,-0.628916,1.025760,-1.651790,0.756145,1.651790,-0.781906,1.395703,-0.468718,0.015553,0.468718,-0.411256,2.607099,0.566615,-1.952828,-0.566615,0.345730,1.047230,-1.818574,0.791271,1.818574,-0.838501
