SR_44100:0.987992326191157,-1.95478724533752,0.967217914967579,1.95478724533752,-0.955210241158737,1.0081741056588,-1.84607003941395,0.854505176859944,1.84607003941395,-0.862679282518743,1.01021506533036,-1.75684358545152,0.818177157765848,1.75684358545152,-0.82839222309621,0.965215359811859,-1.65985541386323,0.826755226849246,1.65985541386323,-0.791970586661105,0.872232839889367,-1.24475715951691,0.789390994472934,1.24475715951691,-0.661623834362302,1.11767757559421,-1.24793689740216,0.751776327898732,1.24793689740216,-0.869453903492938,0.875713991032575,-0.657905360122216,0.625958711247244,0.657905360122216,-0.501672702279819,1.04686138627323,0.260930726301297,0.185035353587734,-0.260930726301297,-0.231896739860966,1.1519307420278,0.680320634555813,-0.396831804880623,-0.680320634555813,0.244901062852822
SR_48000:0.988947858249803,-1.95841676177296,0.969826607849847,1.95841676177296,-0.95877446609965,1.00755175820676,-1.85903254205687,0.865582637348775,1.85903254205687,-0.87313439555553,1.00945025122875,-1.78035962821793,0.831790450411487,1.78035962821793,-0.841240701640234,0.967771556316435,-1.69456905310892,0.83948635418501,1.69456905310892,-0.807257910501445,0.880988417943401,-1.32556531492884,0.803823526159308,1.32556531492884,-0.684811944102709,1.10867707981447,-1.34710360687441,0.770761560232913,1.34710360687441,-0.879438640047378,0.883520143739007,-0.793777398228012,0.649451487648807,0.793777398228012,-0.532971631387814,1.04409143220377,0.0873762855681983,0.233207523007374,-0.0873762855681983,-0.277298955211149,1.12438568023585,0.770238570539684,-0.143586030754397,-0.770238570539684,0.0192003505185491
