SR_44100:1.01908790672007,-1.99157183515018,0.972655030508302,1.99157183515018,-0.991742937228372,0.997298260368586,-1.99109454786885,0.99385742123611,1.99109454786885,-0.991155681604696,0.99963469888525,-1.9960717558566,0.996461875115348,1.9960717558566,-0.996096574000599,0.999847271479584,-1.99718306705515,0.997343903914575,1.99718306705515,-0.997191175394159,0.992606543890229,-1.92263720959936,0.93213198937417,1.92263720959936,-0.924738533264399
SR_48000:1.017542886832,-1.99226680691542,0.974868396401327,1.99226680691542,-0.992411283233324,0.997516884685901,-1.99181974069334,0.99435447767826,1.99181974069334,-0.991871362364162,0.999664326379413,-1.99639220630208,0.996748832286117,1.99639220630208,-0.99641315866553,0.999859664660387,-1.9974122528834,0.997559433266437,1.9974122528834,-0.997419097926823,0.993186487714119,-1.92886283276135,0.937455566469618,1.92886283276135,-0.930642054183737
