SR_44100:1.00253023770183,-1.99699763047973,0.994478115072288,1.99699763047973,-0.997008352774115,1.0028285817674,-1.99336976598323,0.990609246853135,1.99336976598323,-0.99343782862054,1.00469410650973,-1.99293112378806,0.988460047620021,1.99293112378806,-0.993154154129755,0.998421941460184,-1.97942775042311,0.981678812625346,1.97942775042311,-0.98010075408553,0.812830516164102,-2.60441951299729E-14,-0.812830516164076,2.60441951299729E-14,0.999999999999974,1.06246324749775,-1.64203352359876,0.730446077756124,1.64203352359876,-0.79290932525387,0.820162607392084,-0.311041216999792,0.0953561957637652,0.311041216999792,0.0844811968441504,1.05845150497666,0.566220747699894,0.0756696439759827,-0.566220747699894,-0.134121148952638,1.71408010980271,0.913540166889016,-0.499481355629579,-0.913540166889016,-0.21459875417313
SR_48000:1.00232493835093,-1.99724203833269,0.99492615178858,1.99724203833269,-0.997251090139515,1.00259945207522,-1.99391193115214,0.991369946226482,1.99391193115214,-0.993969398301702,1.00431390911473,-1.99352031766703,0.989394721731959,1.99352031766703,-0.993708630846689,0.998548986715605,-1.98113424085584,0.983153802222303,1.98113424085584,-0.981702788937908,0.812830516164102,-2.87013923345692E-14,-0.812830516164073,2.87013923345692E-14,0.999999999999971,1.0578651977275,-1.67943043076154,0.750288503500765,1.67943043076154,-0.808153701228263,0.828041587608477,-0.415505874125595,0.134990170284287,0.415505874125595,0.0369682421072357,1.05463160529069,0.41124674807723,0.136076116625584,-0.41124674807723,-0.190707721916278,1.63395582186997,0.793049172728728,-0.331230098888315,-0.793049172728728,-0.30272572298165
