SR_44100:1.005962,-1.953499,0.947982,1.953499,-0.953945,1.010236,-1.826592,0.821978,1.826592,-0.832215,1.046230,-1.448631,0.463271,1.448631,-0.509501,0.877184,-0.437132,-0.071480,0.437132,0.194296,0.874041,-0.591006,0.704186,0.591006,-0.578226
SR_48000:1.005488,-1.957230,0.952119,1.957230,-0.957608,1.009469,-1.840018,0.835328,1.840018,-0.844797,1.043313,-1.487961,0.497138,1.487961,-0.540451,0.882034,-0.519195,-0.029163,0.519195,0.147129,0.882298,-0.741945,0.723577,0.741945,-0.605875
