SR_44100:1.000281,-1.997820,0.997547,1.997820,-0.997829,1.002441,-1.992947,0.990568,1.992947,-0.993009,0.986594,-1.946004,0.959654,1.946004,-0.946247,1.021050,-1.765507,0.816359,1.765507,-0.837408,0.811246,-0.617810,0.506489,0.617810,-0.317735,1.155310,-0.419723,-0.045433,0.419723,-0.109877,0.925545,0.156682,0.706173,-0.156682,-0.631717,0.912720,0.592006,0.105271,-0.592006,-0.017991
SR_48000:1.000258,-1.997998,0.997746,1.997998,-0.998005,1.002243,-1.993523,0.991332,1.993523,-0.993575,0.987656,-1.950301,0.962851,1.950301,-0.950507,1.019466,-1.788479,0.830171,1.788479,-0.849637,0.821824,-0.738515,0.534147,0.738515,-0.355972,1.147230,-0.537936,0.008957,0.537936,-0.156187,0.930602,-0.065043,0.726132,0.065043,-0.656734,0.918416,0.463414,0.163658,-0.463414,-0.082074
