SR_44100:1.000716,-1.996381,0.995674,1.996381,-0.996389,0.974124,-1.925574,0.951732,1.925574,-0.925856,1.004896,-1.891649,0.905404,1.891649,-0.910301,0.991955,-1.830271,0.872775,1.830271,-0.864729,1.124156,-1.736559,0.744046,1.736559,-0.868202,0.880043,-1.190690,0.697930,1.190690,-0.577972,1.071910,-0.987143,0.605216,0.987143,-0.677126,0.817084,0.003656,0.465909,-0.003656,-0.282993,1.181787,0.758321,-0.099053,-0.758321,-0.082735
SR_48000:1.000658,-1.996675,0.996025,1.996675,-0.996682,0.976154,-1.931436,0.955520,1.931436,-0.931674,1.004515,-1.901484,0.912774,1.901484,-0.917289,0.992568,-1.845777,0.882470,1.845777,-0.875038,1.114669,-1.766346,0.763604,1.766346,-0.878273,0.887895,-1.270730,0.717703,1.270730,-0.605598,1.066910,-1.102434,0.632668,1.102434,-0.699578,0.827296,-0.164960,0.495727,0.164960,-0.323024,1.165989,0.642150,-0.003537,-0.642150,-0.162452
