SR_44100:1.003272,-1.992901,0.989672,1.992901,-0.992944,0.982620,-1.925408,0.943282,1.925408,-0.925902,0.941261,-1.613119,0.777623,1.613119,-0.718885,1.087139,-1.409230,0.623962,1.409230,-0.711101,1.127121,-1.085058,0.498335,1.085058,-0.625456,0.895697,-0.688617,0.676075,0.688617,-0.571771,0.878574,-0.174464,0.603745,0.174464,-0.482318,1.322557,0.440411,-0.001736,-0.440411,-0.320821,1.926479,0.482786,-1.422342,-0.482786,0.495863
SR_48000:1.003007,-1.993479,0.990508,1.993479,-0.993515,0.983984,-1.931299,0.947733,1.931299,-0.931717,0.945417,-1.648316,0.793355,1.648316,-0.738772,1.080979,-1.472443,0.650543,1.472443,-0.731522,1.118504,-1.183257,0.532341,1.183257,-0.650845,0.902516,-0.828364,0.697252,0.828364,-0.599767,0.886153,-0.354162,0.628478,0.354162,-0.514631,1.301072,0.250879,0.064988,-0.250879,-0.366060,1.618901,0.866668,-0.618159,-0.866668,-0.000742
