SR_44100:0.956183055316748,-1.49240513345452,0.717871877985171,1.49240513345452,-0.674054933301919,0.952080947411008,-1.0794316711906,0.572620598320283,1.0794316711906,-0.52470154573129,0.915932930170463,-0.507339948677905,0.425630951213391,0.507339948677905,-0.341563881383854,0.904742364682721,-0.196876330771528,0.802905050106595,0.196876330771528,-0.707647414789316,0.947896208678063,0.0842429443834406,0.796967174972229,-0.0842429443834406,-0.744863383650292,0.94944224065515,0.221048457519711,0.788761871726797,-0.221048457519711,-0.738204112381947,0.83731731632234,0.617632825390509,0.096105752899839,-0.617632825390509,0.0665769307778214
SR_48000:0.959211533606512,-1.5407404051163,0.737371614870761,1.5407404051163,-0.696583148477273,0.955135420297514,-1.16857253950568,0.599862764518322,1.16857253950568,-0.554998184815836,0.920776085051868,-0.641834262767161,0.458720700481442,0.641834262767161,-0.37949678553331,0.911445875848149,-0.400364876601066,0.816775100448063,0.400364876601066,-0.728220976296212,0.951641898304488,-0.146621189168464,0.811563002401201,0.146621189168464,-0.763204900705689,0.953067121823509,-0.0183986556408241,0.803907185188851,0.0183986556408241,-0.75697430701236,0.848584869015886,0.515023056580954,0.158710302003383,-0.515023056580954,-0.00729517101926913
