SR_44100:0.998846430894558,-1.98907513593125,0.990410920031913,1.98907513593125,-0.989257350926471,0.997192397180933,-1.95896741207869,0.96241225565747,1.95896741207869,-0.959604652838403,1.00561375084096,-1.90356223097977,0.902371465443305,1.90356223097977,-0.907985216284266,1.00900455956666,-1.9061527442878,0.912786315202081,1.9061527442878,-0.921790874768738,0.988922369620873,-1.82513918856271,0.871389218636453,1.82513918856271,-0.860311588257326,1.02195253782678,-1.73309597780087,0.798487331449348,1.73309597780087,-0.820439869276131,0.944830716432144,-1.54282064041568,0.743782564219925,1.54282064041568,-0.688613280652069,1.08892598873217,-1.0112196093351,0.496398136415791,1.0112196093351,-0.585324125147964,0.913292584692081,-0.763614573376752,0.492931255459808,0.763614573376752,-0.406223840151888,1.07587105474403,-0.0903045152416949,0.265150704512658,0.0903045152416949,-0.341021759256692,0.938860465108739,0.396644406896265,0.181473536389459,-0.396644406896265,-0.120334001498198
SR_48000:0.998939695845726,-1.98997200827503,0.99118618791205,1.98997200827503,-0.990125883757776,0.997416281513687,-1.96228708068526,0.965409583842472,1.96228708068526,-0.962825865356159,1.00517689277821,-1.91139805474832,0.909968847957145,1.91139805474832,-0.91514574073535,1.00829917268036,-1.91467245743677,0.919618341700115,1.91467245743677,-0.92791751438047,0.989764721454635,-1.84106028304364,0.881168884848038,1.84106028304364,-0.870933606302673,1.02031517272588,-1.75946959430042,0.813517475730513,1.75946959430042,-0.833832648456395,0.948672281368885,-1.58536703688428,0.761623577439967,1.58536703688428,-0.710295858808852,1.08302921539156,-1.11477881434485,0.529792491494691,1.11477881434485,-0.612821706886254,0.918456359602042,-0.878180420017616,0.523129236236694,0.878180420017616,-0.441585595838736,1.07134019437729,-0.260076177966104,0.309034364225688,0.260076177966104,-0.380374558602974,0.942390902060767,0.238240683621356,0.228738470257255,-0.238240683621356,-0.171129372318021
