SR_44100:1.00147088289056,-1.9967340400228,0.995280201145719,1.9967340400228,-0.996751084036277,0.990159062138698,-1.97430421776269,0.984222186375489,1.97430421776269,-0.974381248514187,0.998304573987775,-1.98759850458551,0.990085074772131,1.98759850458551,-0.988389648759906,0.991067821502999,-1.78768769845659,0.925750981460116,1.78768769845659,-0.916818802963115,0.966264090911964,-1.62468214789739,0.772914535581098,1.62468214789739,-0.739178626493061,1.21052802431545,-1.52798034788875,0.58803822518136,1.52798034788875,-0.79856624949681,0.895296354109011,-1.2401993099518,0.684892233876118,1.2401993099518,-0.580188587985129,0.904599316304464,-0.703105964542321,0.778398456627085,0.703105964542321,-0.682997772931549,1.28776990806927,0.23519689425239,0.0765980819268332,-0.23519689425239,-0.364367989996107
SR_48000:1.0013515519903,-1.9970002757685,0.995663112558932,1.9970002757685,-0.997014664549237,0.990949221180948,-1.97637316695092,0.985489035356556,1.97637316695092,-0.976438256537504,0.998441592616578,-1.98865983022767,0.990886365686397,1.98865983022767,-0.989327958302974,0.991765841668932,-1.81375552038587,0.931553296344326,1.81375552038587,-0.923319138013258,0.968677171939953,-1.65998196522308,0.789157632054101,1.65998196522308,-0.757834803994054,1.19495534367851,-1.58224204467122,0.61851088636144,1.58224204467122,-0.813466230039953,0.902161939811295,-1.31402016319375,0.705554354620521,1.31402016319375,-0.607716294431816,0.911222341347478,-0.852502548112824,0.79378275487817,0.852502548112824,-0.705005096225648,1.26930013153003,0.0443211251060823,0.135864275522761,-0.0443211251060823,-0.405164407052796
