SR_44100:0.997293753081061,-1.98023304716098,0.983064736947786,1.98023304716098,-0.980358490028847,1.00340050996944,-1.99387032437961,0.990622999247952,1.99387032437961,-0.994023509217388,0.984692016658412,-1.94250923362815,0.958915828856208,1.94250923362815,-0.94360784551462,1.02304679038143,-1.95233921333765,0.936447834977296,1.95233921333765,-0.959494625358724,0.96465974925921,-1.79885473712005,0.868860857841064,1.79885473712005,-0.833520607100275,1.09448981610807,-1.65383734262204,0.715630963736734,1.65383734262204,-0.810120779844806,1.0307988234807,-1.30854294257065,0.617008448709644,1.30854294257065,-0.647807272190341,0.883501493299015,-0.287327170088404,0.379372284244382,0.287327170088404,-0.262873777543397
SR_48000:0.997511651358599,-1.98183398983775,0.984428309732999,1.98183398983775,-0.981939961091598,1.00312497676888,-1.99437843125433,0.991382789706467,1.99437843125433,-0.994507766475343,0.985903536718729,-1.94714140794594,0.962167354311359,1.94714140794594,-0.948070891030089,1.0212089815544,-1.95667420045692,0.94151564389655,1.95667420045692,-0.962724625450955,0.967311252961545,-1.81653581564568,0.878699948217242,1.81653581564568,-0.846011201178787,1.08747199037782,-1.6909725791591,0.736751253962422,1.6909725791591,-0.824223244340245,1.02869477235478,-1.37968660610223,0.643172883374288,1.37968660610223,-0.671867655729069,0.889932677933558,-0.432886690964944,0.413633422368527,0.432886690964944,-0.303566100302084
