SR_44100:0.999844,-1.999281,0.999444,1.999281,-0.999288,0.997198,-1.987116,0.990360,1.987116,-0.987558,0.984461,-1.763011,0.819592,1.763011,-0.804053,0.970115,-1.514074,0.693638,1.514074,-0.663753,0.915257,-0.704206,0.382709,0.704206,-0.297966,0.975069,-0.643988,0.566421,0.643988,-0.541489,1.000000,0.170052,0.228101,-0.170052,-0.228101
SR_48000:0.999857,-1.999340,0.999489,1.999340,-0.999346,0.997424,-1.988190,0.991139,1.988190,-0.988563,0.985610,-1.783600,0.832933,1.783600,-0.818543,0.972170,-1.558466,0.714702,1.558466,-0.686871,0.919991,-0.814026,0.417194,0.814026,-0.337185,0.976680,-0.785557,0.594435,0.785557,-0.571115,1.000000,-0.000000,0.272517,0.000000,-0.272517
