SR_44100:0.963774231166723,-1.64302409827819,0.875386452984554,1.64302409827819,-0.839160684151278,1.14146571575923,-1.08525548083258,0.258638917398394,1.08525548083258,-0.400104633157628,0.970918372198406,-1.40099371572276,0.901389872918405,1.40099371572276,-0.87230824511681,0.971509108425172,-1.2975720444143,0.892572602357206,1.2975720444143,-0.864081710782377,0.952080947411008,-1.0794316711906,0.572620598320283,1.0794316711906,-0.52470154573129,0.915932930170463,-0.507339948677905,0.425630951213391,0.507339948677905,-0.341563881383854,0.904742364682721,-0.196876330771528,0.802905050106595,0.196876330771528,-0.707647414789316,1.49624307240518,0.0582933492454247,-0.48544655282677,-0.0582933492454247,-0.0107965195784061,0.947896208678063,0.0842429443834406,0.796967174972229,-0.0842429443834406,-0.744863383650292,0.94944224065515,0.221048457519711,0.788761871726797,-0.221048457519711,-0.738204112381947,0.83731731632234,0.617632825390509,0.096105752899839,-0.617632825390509,0.0665769307778214
SR_48000:0.966499887584585,-1.68414131650184,0.884762477983178,1.68414131650184,-0.851262365567764,1.13300444926695,-1.16173645618349,0.302980782515547,1.16173645618349,-0.435985231782501,0.973142602922773,-1.47939656844206,0.908931805436249,1.47939656844206,-0.882074408359022,0.973679493768995,-1.38952417160586,0.900756230052978,1.38952417160586,-0.874435723821973,0.955135420297514,-1.16857253950568,0.599862764518322,1.16857253950568,-0.554998184815836,0.920776085051868,-0.641834262767161,0.458720700481442,0.641834262767161,-0.37949678553331,0.911445875848149,-0.400364876601066,0.816775100448063,0.400364876601066,-0.728220976296212,1.467392289389,-0.0796354840044031,-0.399085052665124,0.0796354840044031,-0.0683072367238733,0.951641898304488,-0.146621189168464,0.811563002401201,0.146621189168464,-0.763204900705689,0.953067121823509,-0.0183986556408241,0.803907185188851,0.0183986556408241,-0.75697430701236,0.848584869015886,0.515023056580954,0.158710302003383,-0.515023056580954,-0.00729517101926913
