SR_44100:0.998006,-1.988965,0.990969,1.988965,-0.988975,0.995842,-1.972821,0.977175,1.972821,-0.973017,0.993552,-1.958236,0.965647,1.958236,-0.959198,1.008178,-1.926648,0.932020,1.926648,-0.940198,1.025290,-1.757210,0.835974,1.757210,-0.861264,1.059662,-1.288803,0.651094,1.288803,-0.710756,0.980270,-0.787988,0.571266,0.787988,-0.551536,1.000724,-1.962401,0.968560,1.962401,-0.969284,0.998217,-1.909087,0.922567,1.909087,-0.920785,1.000989,-1.947039,0.965620,1.947039,-0.966609,0.997995,-1.905156,0.941937,1.905156,-0.939933,0.997500,-1.807022,0.913128,1.807022,-0.910628,1.008725,-1.607498,0.696781,1.607498,-0.705506,0.998477,-1.674531,0.911821,1.674531,-0.910298,0.989565,-0.707503,0.093562,0.707503,-0.083126,0.996866,-0.982305,0.818488,0.982305,-0.815354,1.007608,-0.815375,0.559394,0.815375,-0.567002
SR_48000:0.998167,-1.989857,0.991699,1.989857,-0.989867,0.996176,-1.975016,0.979006,1.975016,-0.975182,0.994066,-1.961638,0.968386,1.961638,-0.962451,1.007532,-1.933456,0.937392,1.933456,-0.944924,1.023366,-1.783362,0.848456,1.783362,-0.871822,1.055447,-1.368327,0.675746,1.368327,-0.731193,0.981551,-0.914626,0.599096,0.914626,-0.580646,1.000666,-1.965927,0.971079,1.965927,-0.971745,0.998357,-1.917080,0.928630,1.917080,-0.926987,1.000910,-1.952734,0.968370,1.952734,-0.969280,0.998154,-1.915238,0.946525,1.915238,-0.944679,0.997695,-1.829694,0.919897,1.829694,-0.917592,1.008111,-1.642358,0.718107,1.642358,-0.726218,0.998596,-1.716889,0.918690,1.716889,-0.917286,0.990073,-0.794449,0.137737,0.794449,-0.127810,0.997099,-1.111201,0.831995,1.111201,-0.829094,1.007110,-0.940440,0.588268,0.940440,-0.595377
