SR_44100:1.0017166550683856,-1.9930084664393595,0.9913646358573961,1.9930084664393595,-0.9930812909257818,0.9884135773864783,-1.9462622744562506,0.9586391224437670,1.9462622744562506,-0.9470526998302452,1.0134332858451729,-1.8861551744817551,0.8883353831201712,1.8861551744817551,-0.9017686689653442,0.9979157972883190,-1.9192282343911875,0.9547101239859771,1.9192282343911875,-0.9526259212742964,1.0174239886513314,-1.7973019470506164,0.8676294546033494,1.7973019470506164,-0.8850534432546808,0.9566183584316373,-1.4317177862039827,0.8694420614576701,1.4317177862039827,-0.8260604198893076,1.0491234596832562,-1.3296688191074066,0.7528921388334778,1.3296688191074066,-0.8020155985167340,0.9420089906084276,-0.9076218538381337,0.8254748698658262,0.9076218538381337,-0.7674838604742539,1.2674667462929836,-0.2962123814560559,0.4383523727778331,0.2962123814560559,-0.7058191190708167,1.0660897621551706,0.1325719957060320,0.7079210726193699,-0.1325719957060320,-0.7740108347745405,0.9278312864009860,1.1319049809737518,0.7828067787639803,-1.1319049809737518,-0.7106380651649663
SR_48000:1.0015776200455544,-1.9935801611800881,0.9920640297384588,1.9935801611800881,-0.9936416497840130,0.9893320590855416,-1.9505813064057909,0.9619178919449127,1.9505813064057909,-0.9512499510304542,1.0123909564356286,-1.8961557119286161,0.8969997795694719,1.8961557119286161,-0.9093907360051003,0.9980814551458591,-1.9281333354631083,0.9583098812392846,1.9281333354631083,-0.9563913363851437,1.0160827462016995,-1.8193918956200756,0.8778189122596680,1.8193918956200756,-0.8939016584613675,0.9598611837460330,-1.5018549371178023,0.8792014106384333,1.5018549371178023,-0.8390625943844662,1.0454903010948879,-1.4118087968137638,0.7711681734173456,1.4118087968137638,-0.8166584745122335,0.9462180846233852,-1.0412477762730901,0.8381422244853540,1.0412477762730901,-0.7843603091087391,1.2483799411509713,-0.4904411856893092,0.4784323414761490,0.4904411856893092,-0.7268122826271203,1.0612456850395016,-0.1054125778490811,0.7293291213391062,0.1054125778490811,-0.7905748063786077,0.9329936393714893,0.8852204460854847,0.7983429857282718,-0.8852204460854847,-0.7313366250997609
