SR_44100:0.999524,-1.995783,0.996287,1.995783,-0.995810,0.997967,-1.983172,0.985614,1.983172,-0.983581,0.991405,-1.946130,0.958164,1.946130,-0.949569,0.970500,-1.803467,0.868533,1.803467,-0.839033,1.014344,-0.455424,0.380498,0.455424,-0.394842,0.999427,-1.997326,0.997908,1.997326,-0.997334,0.999542,-1.996558,0.997033,1.996558,-0.996575,0.999436,-1.993861,0.994485,1.993861,-0.993921,0.999671,-1.995301,0.995668,1.995301,-0.995339,0.999050,-1.992538,0.993569,1.992538,-0.992619,0.997964,-1.988736,0.990928,1.988736,-0.988893,0.997014,-1.975001,0.978872,1.975001,-0.975887,0.994443,-1.962882,0.970185,1.962882,-0.964628,0.984497,-1.914790,0.937830,1.914790,-0.922327,1.012006,-0.839068,0.481485,0.839068,-0.493491,0.999228,-1.644245,0.766674,1.644245,-0.765902,1.004533,-1.044205,0.543227,1.044205,-0.547760,1.006420,-1.262341,0.611860,1.262341,-0.618280,1.001917,-1.857634,0.884110,1.857634,-0.886027,1.005010,-1.491767,0.697089,1.491767,-0.702099,0.980903,-1.877935,0.912436,1.877935,-0.893339
SR_48000:0.999562,-1.996127,0.996588,1.996127,-0.996150,0.998131,-1.984559,0.986774,1.984559,-0.984905,0.992087,-1.950663,0.961485,1.950663,-0.953571,0.972720,-1.820910,0.878424,1.820910,-0.851144,1.013483,-0.600781,0.417682,0.600781,-0.431165,0.999473,-1.997544,0.998077,1.997544,-0.997551,0.999579,-1.996838,0.997273,1.996838,-0.996853,0.999482,-1.994362,0.994931,1.994362,-0.994413,0.999698,-1.995685,0.996019,1.995685,-0.995716,0.999127,-1.993148,0.994090,1.993148,-0.993216,0.998129,-1.989658,0.991662,1.989658,-0.989791,0.997254,-1.977076,0.980570,1.977076,-0.977824,0.994888,-1.965979,0.972568,1.965979,-0.967456,0.985711,-1.922030,0.942701,1.922030,-0.928413,1.011250,-0.954078,0.514127,0.954078,-0.525376,0.999284,-1.679020,0.783603,1.679020,-0.782887,1.004240,-1.140006,0.572796,1.140006,-0.577036,1.005988,-1.336892,0.637946,1.336892,-0.643934,1.001769,-1.870716,0.893034,1.870716,-0.894803,1.004658,-1.542703,0.718361,1.542703,-0.723019,0.982378,-1.888518,0.919202,1.888518,-0.901580
