SR_44100:0.999524,-1.995783,0.996287,1.995783,-0.995810,0.996702,-1.982014,0.985702,1.982014,-0.982404,0.990987,-1.947682,0.959835,1.947682,-0.950823,0.985967,-1.859319,0.895910,1.859319,-0.881878,1.002723,0.345058,0.176832,-0.345058,-0.179555,0.999427,-1.997326,0.997908,1.997326,-0.997334,0.999542,-1.996558,0.997033,1.996558,-0.996575,0.999436,-1.993861,0.994485,1.993861,-0.993921,0.999671,-1.995301,0.995668,1.995301,-0.995339,0.999050,-1.992538,0.993569,1.992538,-0.992619,0.998284,-1.988913,0.990793,1.988913,-0.989078,0.996218,-1.974338,0.978985,1.974338,-0.975203,0.994747,-1.964998,0.971812,1.964998,-0.966558,0.988296,-1.927002,0.944738,1.927002,-0.933035,1.015442,-0.266058,0.333066,0.266058,-0.348508,0.999259,-1.663460,0.775937,1.663460,-0.775195,1.022413,-0.843265,0.478549,0.843265,-0.500962,1.019753,-1.248766,0.601630,1.248766,-0.621382,0.994456,-1.791932,0.847587,1.791932,-0.842043,1.016975,-1.507617,0.697863,1.507617,-0.714838,0.986458,-1.896072,0.921975,1.896072,-0.908432,0.855064,0.325363,-0.515311,-0.325363,0.660248
SR_48000:0.999562,-1.996127,0.996588,1.996127,-0.996150,0.996968,-1.983493,0.986855,1.983493,-0.983822,0.991703,-1.952072,0.963025,1.952072,-0.954728,0.987045,-1.871815,0.903909,1.871815,-0.890954,1.002563,0.177546,0.225136,-0.177546,-0.227700,0.999473,-1.997544,0.998077,1.997544,-0.997551,0.999579,-1.996838,0.997273,1.996838,-0.996853,0.999482,-1.994362,0.994931,1.994362,-0.994413,0.999698,-1.995685,0.996019,1.995685,-0.995716,0.999127,-1.993148,0.994090,1.993148,-0.993216,0.998423,-1.989822,0.991538,1.989822,-0.989961,0.996522,-1.976464,0.980673,1.976464,-0.977195,0.995167,-1.967915,0.974067,1.967915,-0.969234,0.989218,-1.933202,0.949090,1.933202,-0.938308,1.014532,-0.423208,0.372371,0.423208,-0.386903,0.999313,-1.696238,0.792270,1.696238,-0.791583,1.020995,-0.958549,0.511529,0.958549,-0.532524,1.018422,-1.325403,0.628460,1.325403,-0.646883,0.994874,-1.811345,0.859074,1.811345,-0.853947,1.015774,-1.557459,0.719226,1.557459,-0.735001,0.987512,-1.905085,0.928048,1.905085,-0.915559,0.891428,0.654975,-0.135128,-0.654975,0.243700
