SR_44100:0.998232,-1.992859,0.994678,1.992859,-0.992910,1.000000,-1.897544,0.913252,1.897544,-0.913252,1.000000,-1.884780,0.904074,1.884780,-0.904074,0.730003,-1.062198,0.595403,1.062198,-0.325406,1.000000,-0.800520,0.475486,0.800520,-0.475486
SR_48000:0.998375,-1.993441,0.995109,1.993441,-0.993484,1.000000,-1.906711,0.920020,1.906711,-0.920020,1.000000,-1.895171,0.911525,1.895171,-0.911525,0.745036,-1.133266,0.617931,1.133266,-0.362967,1.000000,-0.918114,0.508167,0.918114,-0.508167
