SR_44100:0.982451,-1.918084,0.936019,1.918084,-0.918470,1.001995,-1.995259,0.993273,1.995259,-0.995267,0.998088,-1.988201,0.990295,1.988201,-0.988383,1.005754,-1.892412,0.905317,1.892412,-0.911071,0.887664,-1.435616,0.729775,1.435616,-0.617439,1.171213,-1.526904,0.754724,1.526904,-0.925937,1.082935,-1.499632,0.808603,1.499632,-0.891538,0.880677,-0.860932,0.742121,0.860932,-0.622798,0.960700,-1.199509,0.837637,1.199509,-0.798337,1.019995,-0.821110,0.886585,0.821110,-0.906580,1.097430,0.321689,0.755106,-0.321689,-0.852536,1.171685,-0.296151,0.610893,0.296151,-0.782579,0.811190,-0.402433,0.672122,0.402433,-0.483313,1.033535,-1.111416,0.870411,1.111416,-0.903946,0.875992,-0.000000,-0.875992,0.000000,1.000000,1.031052,-1.703720,0.743696,1.703720,-0.774748,1.003415,-1.991163,0.987809,1.991163,-0.991224,1.063432,-1.259247,0.496453,1.259247,-0.559885,1.405824,0.613680,-0.552778,-0.613680,0.146954,1.090782,-0.489520,0.203460,0.489520,-0.294241,1.010927,-1.570201,0.727127,1.570201,-0.738054
SR_48000:0.983823,-1.924519,0.941023,1.924519,-0.924846,1.001833,-1.995644,0.993818,1.995644,-0.995651,0.998243,-1.989168,0.991079,1.989168,-0.989322,1.005306,-1.902190,0.912696,1.902190,-0.918002,0.895180,-1.486662,0.747855,1.486662,-0.643035,1.157764,-1.592009,0.773991,1.592009,-0.931754,1.076528,-1.565772,0.823390,1.565772,-0.899918,0.888689,-0.986114,0.759437,0.986114,-0.648126,0.963598,-1.298803,0.849609,1.298803,-0.813206,1.018440,-0.978537,0.895408,0.978537,-0.913847,1.090015,0.060980,0.773744,-0.060980,-0.863758,1.159039,-0.498739,0.639555,0.498739,-0.798594,0.822884,-0.562137,0.692430,0.562137,-0.515314,1.030929,-1.231821,0.880480,1.231821,-0.911409,0.875992,-0.000000,-0.875992,0.000000,1.000000,1.028788,-1.730597,0.762381,1.730597,-0.791169,1.003139,-1.991883,0.988796,1.991883,-0.991934,1.059295,-1.328798,0.529291,1.328798,-0.588586,1.363166,0.557804,-0.389559,-0.557804,0.026394,1.085593,-0.621004,0.248984,0.621004,-0.334578,1.010145,-1.613215,0.746650,1.613215,-0.756795
