SR_44100:0.982451,-1.918084,0.936019,1.918084,-0.918470,1.001995,-1.995259,0.993273,1.995259,-0.995267,0.998088,-1.988201,0.990295,1.988201,-0.988383,1.005754,-1.892412,0.905317,1.892412,-0.911071,0.887664,-1.435616,0.729775,1.435616,-0.617439,1.171213,-1.526904,0.754724,1.526904,-0.925937,1.082935,-1.499632,0.808603,1.499632,-0.891538,0.894757,-0.870472,0.746023,0.870472,-0.640781,0.960700,-1.199509,0.837637,1.199509,-0.798337,1.097430,0.321689,0.755106,-0.321689,-0.852536,0.918889,-0.571810,0.769504,0.571810,-0.688394,1.033535,-1.111416,0.870411,1.111416,-0.903946,1.003415,-1.991163,0.987809,1.991163,-0.991224,0.984814,-1.520375,0.932887,1.520375,-0.917701,1.031052,-1.703720,0.743696,1.703720,-0.774748,1.063422,-1.259408,0.496527,1.259408,-0.559949,1.405824,0.613680,-0.552778,-0.613680,0.146954,1.090758,-0.489514,0.203470,0.489514,-0.294228,1.010927,-1.570201,0.727127,1.570201,-0.738054
SR_48000:0.983823,-1.924519,0.941023,1.924519,-0.924846,1.001833,-1.995644,0.993818,1.995644,-0.995651,0.998243,-1.989168,0.991079,1.989168,-0.989322,1.005306,-1.902190,0.912696,1.902190,-0.918002,0.895180,-1.486662,0.747855,1.486662,-0.643035,1.157764,-1.592009,0.773991,1.592009,-0.931754,1.076528,-1.565772,0.823390,1.565772,-0.899918,0.901897,-0.996300,0.763253,0.996300,-0.665150,0.963598,-1.298803,0.849609,1.298803,-0.813206,1.090015,0.060980,0.773744,-0.060980,-0.863758,0.924540,-0.736219,0.785563,0.736219,-0.710104,1.030929,-1.231821,0.880480,1.231821,-0.911409,1.003139,-1.991883,0.988796,1.991883,-0.991934,0.986001,-1.585730,0.938134,1.585730,-0.924135,1.028788,-1.730597,0.762381,1.730597,-0.791169,1.059286,-1.328944,0.529361,1.328944,-0.588647,1.363166,0.557804,-0.389559,-0.557804,0.026394,1.085571,-0.620997,0.248994,0.620997,-0.334565,1.010145,-1.613215,0.746650,1.613215,-0.756795
