SR_44100:0.998901,-1.995821,0.996928,1.995821,-0.995829,0.995727,-1.984923,0.989239,1.984923,-0.984966,0.962637,-1.902009,0.939755,1.902009,-0.902392,0.990452,-1.875446,0.890602,1.875446,-0.881054,1.184698,-1.657518,0.604728,1.657518,-0.789426,1.152987,-0.386357,-0.057877,0.386357,-0.095111,0.939404,-0.603592,0.775143,0.603592,-0.714547,1.189034,0.762086,-0.105476,-0.762086,-0.083557,1.333521,-0.000000,-1.333521,0.000000,1.000000
SR_48000:0.998990,-1.996161,0.997177,1.996161,-0.996167,0.996072,-1.986142,0.990108,1.986142,-0.986179,0.965536,-1.909641,0.944430,1.909641,-0.909966,0.991186,-1.885433,0.899005,1.885433,-0.890190,1.171106,-1.692395,0.633815,1.692395,-0.804922,1.145070,-0.505832,-0.003128,0.505832,-0.141942,0.943686,-0.767246,0.791033,0.767246,-0.734719,1.172469,0.646608,-0.008605,-0.646608,-0.163864,1.333521,-0.000000,-1.333521,0.000000,1.000000
