SR_44100:1.001530,-1.996988,0.995466,1.996988,-0.996996,1.002852,-1.993494,0.990692,1.993494,-0.993545,0.794328,-0.000000,-0.794328,0.000000,1.000000,1.135200,-0.710478,0.089931,0.710478,-0.225131,1.826355,0.387904,-1.310617,-0.387904,0.484262
SR_48000:1.001406,-1.997233,0.995834,1.997233,-0.997240,1.002621,-1.994025,0.991446,1.994025,-0.994068,0.794328,-0.000000,-0.794328,0.000000,1.000000,1.127838,-0.812545,0.139490,0.812545,-0.267328,1.725208,0.424558,-1.027796,-0.424558,0.302587
