SR_44100:1.002036,-1.997299,0.995271,1.997299,-0.997307,1.003724,-1.994060,0.990387,1.994060,-0.994111,0.749894,-0.000000,-0.749894,0.000000,1.000000,1.340506,-0.763027,-0.024760,0.763027,-0.315746,2.517357,0.448662,-1.920837,-0.448662,0.403480
SR_48000:1.001871,-1.997518,0.995655,1.997518,-0.997525,1.003422,-1.994545,0.991166,1.994545,-0.994588,0.749894,-0.000000,-0.749894,0.000000,1.000000,1.320672,-0.869143,0.034932,0.869143,-0.355603,2.306582,0.481820,-1.515105,-0.481820,0.208524
