SR_44100:1.000633,-1.997431,0.996817,1.997431,-0.997450,1.001632,-1.995113,0.993559,1.995113,-0.995191,1.003658,-1.990285,0.986943,1.990285,-0.990601,1.005057,-1.978364,0.974562,1.978364,-0.979619,1.004257,-1.949878,0.950579,1.949878,-0.954836,1.005540,-1.889851,0.903656,1.889851,-0.909196,1.037780,-1.773225,0.809954,1.773225,-0.847734,1.091536,-1.456834,0.638768,1.456834,-0.730303,1.182194,-0.639942,0.349610,0.639942,-0.531804,1.215712,0.735953,-0.085106,-0.735953,-0.130606
SR_48000:1.000581,-1.997641,0.997076,1.997641,-0.997657,1.001500,-1.995515,0.994081,1.995515,-0.995581,1.003362,-1.991095,0.987999,1.991095,-0.991361,1.004650,-1.980199,0.976610,1.980199,-0.981260,1.003918,-1.954236,0.954512,1.954236,-0.958430,1.005109,-1.899873,0.911158,1.899873,-0.916267,1.034924,-1.795894,0.824323,1.795894,-0.859246,1.085002,-1.515158,0.664552,1.515158,-0.749554,1.170342,-0.781130,0.391918,0.781130,-0.562260,1.198262,0.600468,0.002673,-0.600468,-0.200935
