SR_44100:0.993855236069582,-1.98501849686718,0.991197128911245,1.98501849686718,-0.985052364980827,0.993706510852366,-1.98465504498468,0.990984068014255,1.98465504498468,-0.984690578866621,0.374895081354897,0.401764142641607,0.104486668960551,-0.401764142641607,0.520618249684552,0.374855517662138,0.401720732119869,0.104429990772243,-0.401720732119869,0.52071449156562
SR_48000:0.994351068278245,-1.98622991140178,0.991907448634498,1.98622991140178,-0.986258516912743,0.994214258904289,-1.98589570416496,0.991711458146287,1.98589570416496,-0.985925717050577,0.419891873143053,0.416372816427932,0.168948210852812,-0.416372816427932,0.411159916004135,0.419869342614441,0.416388556225829,0.16891593404915,-0.416388556225829,0.411214723336409
