SR_44100:0.982275,-1.832884,0.870888,1.832884,-0.853163,1.189896,-1.613264,0.521815,1.613264,-0.711710,1.061526,-1.187017,0.511579,1.187017,-0.573105,0.928551,-0.833179,0.848547,0.833179,-0.777098,1.019211,-0.506549,0.761106,0.506549,-0.780317,0.928672,-0.171577,0.735320,0.171577,-0.663993,1.146210,0.736406,-0.065028,-0.736406,-0.081182
SR_48000:0.983618,-1.847063,0.880671,1.847063,-0.864289,1.176460,-1.647893,0.555649,1.647893,-0.732108,1.057482,-1.267219,0.543680,1.267219,-0.601162,0.933761,-0.976729,0.859590,0.976729,-0.793351,1.017804,-0.687453,0.778598,0.687453,-0.796402,0.933588,-0.372349,0.753560,0.372349,-0.687147,1.134101,0.615490,0.023179,-0.615490,-0.157280
