SR_44100:0.999455,-1.992400,0.992953,1.992400,-0.992408,0.992598,-1.958593,0.966479,1.958593,-0.959078,0.999127,-1.973969,0.976006,1.973969,-0.975133,1.000505,-1.957805,0.960484,1.957805,-0.960989,0.979569,-1.887493,0.911415,1.887493,-0.890984,1.003100,-1.910984,0.925879,1.910984,-0.928979,1.002317,-1.837867,0.870963,1.837867,-0.873280,1.059379,-1.746662,0.804259,1.746662,-0.863638,0.995860,-1.714307,0.887921,1.714307,-0.883781,1.036936,-1.380824,0.639674,1.380824,-0.676609,0.975030,-1.157552,0.788649,1.157552,-0.763679,1.069802,-0.677038,0.414246,0.677038,-0.484047,0.832429,-0.723329,0.753086,0.723329,-0.585516,1.015982,-0.365496,0.679503,0.365496,-0.695485,1.092399,0.042212,0.224613,-0.042212,-0.317013,0.834216,0.049013,0.694985,-0.049013,-0.529201,0.966142,0.547127,0.578961,-0.547127,-0.545102,0.949379,0.886187,0.431159,-0.886187,-0.380538,0.735198,0.301101,-0.420781,-0.301101,0.685583,1.333521,-0.000000,-1.333521,0.000000,1.000000
SR_48000:0.999499,-1.993016,0.993524,1.993016,-0.993023,0.993189,-1.961930,0.969152,1.961930,-0.962340,0.999198,-1.976147,0.977933,1.976147,-0.977131,1.000465,-1.961410,0.963637,1.961410,-0.964102,0.981146,-1.896437,0.918251,1.896437,-0.899397,1.002856,-1.919324,0.931705,1.919324,-0.934562,1.002140,-1.852917,0.880838,1.852917,-0.882978,1.054854,-1.774575,0.819176,1.774575,-0.874030,0.996178,-1.748646,0.896542,1.748646,-0.892721,1.034374,-1.444821,0.664665,1.444821,-0.699039,0.976840,-1.259221,0.803967,1.259221,-0.780807,1.065406,-0.809249,0.451137,0.809249,-0.516542,0.843430,-0.860574,0.769296,0.860574,-0.612727,1.014860,-0.551871,0.702016,0.551871,-0.716875,1.086871,-0.133095,0.271004,0.133095,-0.357875,0.844799,-0.152834,0.714456,0.152834,-0.559255,0.968385,0.320543,0.606857,-0.320543,-0.575241,0.952795,0.697745,0.469543,-0.697745,-0.422338,0.797854,0.617690,-0.084607,-0.617690,0.286753,1.333521,-0.000000,-1.333521,0.000000,1.000000
