SR_44100:0.988521,-1.942587,0.954698,1.942587,-0.943219,0.983688,-1.860069,0.897920,1.860069,-0.881607,1.243997,-1.636517,0.492368,1.636517,-0.736365,1.076072,-1.194249,0.506618,1.194249,-0.582690,0.921908,-0.828825,0.845904,0.828825,-0.767812,1.019211,-0.506549,0.761106,0.506549,-0.780317,0.925765,-0.171244,0.734997,0.171244,-0.660762,1.319151,0.163626,-1.148288,-0.163626,0.829137
SR_48000:0.989429,-1.947177,0.958283,1.947177,-0.947712,0.984941,-1.872429,0.905763,1.872429,-0.890704,1.226502,-1.669940,0.528766,1.669940,-0.755268,1.071044,-1.274429,0.539229,1.274429,-0.610273,0.927575,-0.971996,0.857086,0.971996,-0.784661,1.017804,-0.687453,0.778598,0.687453,-0.796402,0.930871,-0.371676,0.753226,0.371676,-0.684097,1.241826,0.531764,-0.627799,-0.531764,0.385972
