SR_44100:1.028121,-1.747942,0.719908,1.747942,-0.748029,1.039093,-0.949624,-0.087055,0.949624,0.047962,1.123326,-0.393166,-0.716866,0.393166,0.593541,1.390071,-0.255547,-1.109261,0.255547,0.719190,1.175125,-0.107412,-1.033199,0.107412,0.858073,0.874041,-0.591006,0.704186,0.591006,-0.578226
SR_48000:1.026103,-1.766034,0.740005,1.766034,-0.766108,1.037508,-0.992406,-0.042972,0.992406,0.005464,1.121035,-0.424011,-0.684976,0.424011,0.563941,1.384566,-0.281850,-1.079494,0.281850,0.694928,1.173524,-0.126078,-1.014606,0.126078,0.841082,0.882298,-0.741945,0.723577,0.741945,-0.605875
