SR_44100:1.001936651201835,-1.985006357097059,0.9834051856173557,1.985068260260824,-0.9852799336554267,1.008620446590842,-1.904484500480705,0.9116292775812302,1.904484500480705,-0.9202497241720725,0.9841870435509558,-1.238752786594435,0.8164122998352334,1.238752786594435,-0.8005993433861892,0.9783364911597547,-1.708388153265854,0.8594966071051541,1.708388153265854,-0.8378330982649088,0.9941681523887539,-1.887763652498621,0.9274794257994952,1.887763652498621,-0.9216475781882491,1.375854808535981,-2.369588174570517,1.068859346917012,1.666569529204201,-0.7416955100866754,0.8141207586177291,-0.2207958541171436,0.2715174640329539,0.4902724072377906,-0.3551147757713299
SR_48000:1.001778059511235,-1.986236717070776,0.9847420063295391,1.986289000962035,-0.9864677819495146,1.007945645266455,-1.913138943082158,0.9185468635666917,1.913138943082158,-0.9264925088331467,0.9853547101131718,-1.333032955878309,0.8299688551452621,1.333032955878309,-0.8153235652584339,0.9799656075146349,-1.739834151583677,0.8700625951437994,1.739834151583677,-0.8500282026584339,0.9946249439532838,-1.899078681073333,0.9331597502451776,1.899078681073333,-0.9277846941984615,1.378996689605916,-2.408173858359356,1.093339962368963,1.695487023909038,-0.7596498175245611,0.8044861925626363,-0.3320634765888913,0.2783586084143031,0.6239148699356005,-0.3746961943236486
