SR_44100:0.9783364911597547,-1.708388153265854,0.8594966071051541,1.708388153265854,-0.8378330982649088,0.9941681523887539,-1.887763652498621,0.9274794257994952,1.887763652498621,-0.9216475781882491,0.9841870435509558,-1.238752786594435,0.8164122998352334,1.238752786594435,-0.8005993433861892,1.375854782240438,-2.36958784199113,1.068859030088992,1.666569295295761,-0.7416952656340609,1.001410103928293,-1.984452885755995,0.9833575877640796,1.984497565625767,-0.9847230118225999,0.8141207681748652,-0.2207957767487199,0.2715170740605318,0.4902722354428831,-0.3551143009295601,1.008620438060412,-1.904484578750298,0.9116293650291654,1.904484578750298,-0.9202498030895777
SR_48000:0.9799656075146349,-1.739834151583677,0.8700625951437994,1.739834151583677,-0.8500282026584339,0.9946249439532838,-1.899078681073333,0.9331597502451776,1.899078681073333,-0.9277846941984615,0.9853547101131718,-1.333032955878309,0.8299688551452621,1.333032955878309,-0.8153235652584339,1.37899666472781,-2.408173543857801,1.093339664366012,1.695486802482622,-0.7596495877186432,1.001294675683921,-1.985727320038089,0.9846985380472383,1.985765057876569,-0.9859554758926786,0.8044862051030877,-0.332063363764605,0.2783582279586777,0.6239146579497759,-0.3746957272469361,1.00794563737848,-1.913139015550303,0.9185469444286338,1.913139015550303,-0.9264925818071139
