SR_44100:0.994076995038043,-1.90808395205981,0.917543476310524,1.90808395205981,-0.911620471348567,0.999556710296688,-1.9712629931298,0.973165743923433,1.9712629931298,-0.972722454220121,1.00324425369169,-1.89841126120601,0.911485531429173,1.89841126120601,-0.914729785120866,0.980916345167983,-1.54010415960467,0.852484407308846,1.54010415960467,-0.833400752476828,1.06204066366137,-1.29738076836356,0.828043345123578,1.29738076836356,-0.890084008784945,1.17711541252126,-0.740770450559354,0.682906267195241,0.740770450559354,-0.860021679716498,0.942342529870173,-0.951082684372863,0.809110613312455,0.951082684372863,-0.751453143182628,0.915612095292618,-0.0947374746441836,0.72711920911093,0.0947374746441836,-0.642731304403548,0.942544816627857,0.247523430375741,0.226053880970456,-0.247523430375741,-0.168598697598313,1.02542467898055,-0.920269842957702,0.828859657555612,0.920269842957702,-0.854284336536161,1.03002165292599,-1.15994746202793,0.824432064960762,1.15994746202793,-0.854453717886748,0.960515406520201,-1.05946486070851,0.563744864127969,1.05946486070851,-0.52426027064817,0.928842279142449,-0.529987001646274,0.427783607287524,0.529987001646274,-0.356625886429972,0.991208523147088,-1.95737711410767,0.966546994509349,1.95737711410767,-0.957755517656437,0.999139914079154,-1.99304090698261,0.99391264471291,1.99304090698261,-0.993052558792065
SR_48000:0.994538701481036,-1.9155136942067,0.923971076574033,1.9155136942067,-0.91850977805507,0.99959227638058,-1.97367766643352,0.975318713856355,1.97367766643352,-0.974910990236935,1.00299096833789,-1.9075615511299,0.918396032462467,1.9075615511299,-0.921387000800356,0.982348424617121,-1.59556974840231,0.863554301968961,1.59556974840231,-0.845902726586082,1.05725119437853,-1.39162910450335,0.841318204996215,1.39162910450335,-0.898569399374746,1.16361111085188,-0.903358985832232,0.707083324201787,0.903358985832232,-0.870694435053667,0.946493300300641,-1.07784447913553,0.822852770572714,1.07784447913553,-0.769346070873354,0.921362138681647,-0.299507936152814,0.745712826206718,0.299507936152814,-0.667074964888365,0.945776276664537,0.0831391762286162,0.269583042438604,-0.0831391762286162,-0.215359319103141,1.02349561703356,-1.06056133812758,0.841844691602926,1.06056133812758,-0.865340308636484,1.02774382426921,-1.26952474829548,0.837752906242501,1.26952474829548,-0.865496730511716,0.963032902896399,-1.1510570754745,0.59156003523306,1.1510570754745,-0.554592938129459,0.932980975278063,-0.66389796261423,0.461065024183874,0.66389796261423,-0.394045999461937,0.991908959795169,-1.96080126840977,0.969212270369838,1.96080126840977,-0.961121230165007,0.99920957301893,-1.9936053986602,0.994405663730034,1.9936053986602,-0.993615236748965
