SR_44100:0.998777,-1.996415,0.997646,1.996415,-0.996423,0.990934,-1.973032,0.982549,1.973032,-0.973483,0.988548,-1.944504,0.959119,1.944504,-0.947666,1.000000,-1.884780,0.904074,1.884780,-0.904074,1.000000,-1.743595,0.816859,1.743595,-0.816859,0.926519,-1.514488,0.737689,1.514488,-0.664208,0.889656,-1.131998,0.606096,1.131998,-0.495752,1.000000,-1.006682,0.533809,1.006682,-0.533809,1.182194,-0.639942,0.349610,0.639942,-0.531804,1.000000,0.670861,0.030608,-0.670861,-0.030608
SR_48000:0.998876,-1.996707,0.997837,1.996707,-0.996713,0.991662,-1.975231,0.983949,1.975231,-0.975611,0.989456,-1.949141,0.962360,1.949141,-0.951816,1.000000,-1.895171,0.911525,1.895171,-0.911525,1.000000,-1.768119,0.830492,1.768119,-0.830492,0.931567,-1.558841,0.755711,1.558841,-0.687278,0.896551,-1.211658,0.630711,1.211658,-0.527262,1.000000,-1.105743,0.563757,1.105743,-0.563757,1.170342,-0.781130,0.391918,0.781130,-0.562260,1.000000,0.551303,0.102606,-0.551303,-0.102606
