SR_44100:1.000281,-1.997388,0.997115,1.997388,-0.997396,0.996787,-1.983762,0.987046,1.983762,-0.983833,0.990012,-1.948112,0.958828,1.948112,-0.948839,1.002310,-1.953618,0.955366,1.953618,-0.957676,1.016839,-1.838061,0.901526,1.838061,-0.918365,0.982629,-1.535400,0.725303,1.535400,-0.707933,0.910301,-1.195111,0.621792,1.195111,-0.532093,1.030761,-1.174013,0.825796,1.174013,-0.856557,0.934542,-0.900731,0.803004,0.900731,-0.737547,1.062403,-0.667653,0.763752,0.667653,-0.826154,0.885296,-0.051389,0.718013,0.051389,-0.603309,1.187834,0.120970,-0.314199,-0.120970,0.126366,0.885581,0.653841,0.655654,-0.653841,-0.541235,0.521313,0.010003,-0.510868,-0.010003,0.989554
SR_48000:1.000259,-1.997601,0.997349,1.997601,-0.997608,0.997046,-1.985077,0.988090,1.985077,-0.985137,0.990804,-1.952283,0.962094,1.952283,-0.952898,1.002126,-1.957616,0.958922,1.957616,-0.961048,1.015522,-1.856665,0.909228,1.856665,-0.924750,0.983852,-1.580711,0.744643,1.580711,-0.728495,0.916029,-1.270238,0.645943,1.270238,-0.561971,1.028425,-1.281918,0.839027,1.281918,-0.867451,0.939221,-1.032329,0.817083,1.032329,-0.756304,1.057728,-0.835398,0.781450,0.835398,-0.839178,0.892940,-0.254948,0.736805,0.254948,-0.629745,1.177707,-0.000000,-0.243347,0.000000,0.065640,0.893069,0.426503,0.678189,-0.426503,-0.571258,0.552997,0.123090,-0.410865,-0.123090,0.857868
