SR_44100:0.907080101420155,-1.10014342809566,0.797215499918452,1.10014342809566,-0.704295601338607,0.889268220729854,0.44443398838155,0.178528231062109,-0.44443398838155,-0.0677964517919639,0.972419180608361,-0.5137186139899,0.836568977109447,0.5137186139899,-0.808988157717807,0.970857194494484,-0.370100872348252,0.827313378691327,0.370100872348252,-0.79817057318581,0.969139278008676,-0.209480001090373,0.81713380989283,0.209480001090373,-0.786273087901506,0.976638203039893,-0.908861627133088,0.863379192971024,0.908861627133088,-0.840017396010917,0.976987558400401,-0.937297972226503,0.865422238348656,0.937297972226503,-0.842409796749056,0.979040362706064,-1.09868013941753,0.877427127415671,1.09868013941753,-0.856467490121734,1.09738140388499,-0.854200738879731,0.448513790241561,0.854200738879731,-0.545895194126551,1.07509048010945,-0.273429586492924,0.310709169527402,0.273429586492924,-0.385799649636849
SR_48000:0.913601363769046,-1.20372245156689,0.811447230102534,1.20372245156689,-0.725048593871579,0.895633879915054,0.295620418140994,0.225752337328512,-0.295620418140994,-0.121386217243565,0.974464992705752,-0.696809751734587,0.848691501787588,0.696809751734587,-0.82315649449334,0.973007650780009,-0.567034547370107,0.840055975835897,0.567034547370107,-0.813063626615906,0.971403651144794,-0.420658058393343,0.830551424960272,0.420658058393343,-0.801955076105066,0.978397355614969,-1.0492204732194,0.873666793916467,1.0492204732194,-0.852064149531436,0.978722423347021,-1.07435326039281,0.875567804184118,1.07435326039281,-0.854290227531138,0.98063131299276,-1.21646812706573,0.886731074046256,1.21646812706573,-0.867362387039016,1.09104678400862,-0.972748625657388,0.484387739132311,0.972748625657388,-0.575434523140931,1.07055007812863,-0.434216816459416,0.352387654569396,0.434216816459416,-0.422937732698025
