SR_44100:1.07195791779178,-1.5403524259248,0.681987182888911,1.5403524259248,-0.753945100680695
SR_48000:1.06676221598062,-1.58899968520308,0.704949211537625,1.58899968520308,-0.771711427518247
