SR_44100:1.177887,-1.531140,0.611788,1.531140,-0.789674,0.862662,-0.908046,0.544044,0.908046,-0.406706,0.909849,-0.122448,0.728689,0.122448,-0.638537
SR_48000:1.164791,-1.584189,0.640367,1.584189,-0.805158,0.870801,-1.006120,0.571065,1.006120,-0.441865,0.915975,-0.324455,0.747126,0.324455,-0.663102
