SR_44100:1.000128,-1.998102,0.997983,1.998102,-0.998111,1.003149,-1.990918,0.987831,1.990918,-0.990980,0.990552,-1.966836,0.976494,1.966836,-0.967045,1.041429,-1.906163,0.875320,1.906163,-0.916749,1.058000,-1.780686,0.800483,1.780686,-0.858484,1.030421,-1.597331,0.851110,1.597331,-0.881531,0.901055,-1.018976,0.625408,1.018976,-0.526463,1.089732,-0.740332,0.645886,0.740332,-0.735618,0.951965,-0.254697,0.744101,0.254697,-0.696067,1.387647,0.772042,-0.184929,-0.772042,-0.202718
SR_48000:1.000117,-1.998257,0.998147,1.998257,-0.998264,1.002894,-1.991658,0.988816,1.991658,-0.991710,0.991308,-1.969505,0.978375,1.969505,-0.969682,1.038191,-1.914288,0.885065,1.914288,-0.923255,1.053592,-1.803120,0.815650,1.803120,-0.869241,1.028083,-1.648604,0.862553,1.648604,-0.890636,0.907355,-1.115717,0.649259,1.115717,-0.556615,1.083296,-0.890780,0.671282,0.890780,-0.754579,0.955332,-0.451650,0.762040,0.451650,-0.717373,1.355032,0.622914,-0.085234,-0.622914,-0.269799
